1341846313.592026 -0.695438 -3.121457 1.423068
1341846313.654184 -0.689909 -3.123386 1.427353
1341846313.686156 -0.681934 -3.118850 1.427913
1341846313.721918 -0.678405 -3.121298 1.426459
1341846313.753994 -0.666769 -3.120411 1.427723
1341846313.789969 -0.660668 -3.118415 1.429925
1341846313.822075 -0.645518 -3.121408 1.425089
1341846313.853928 -0.642903 -3.115215 1.425880
1341846313.890011 -0.638789 -3.116868 1.423476
1341846313.922055 -0.627234 -3.117470 1.417770
1341846313.957927 -0.600802 -3.118152 1.429475
1341846313.990058 -0.617387 -3.111892 1.422087
1341846314.022042 -0.616205 -3.116634 1.413486
1341846314.057816 -0.588609 -3.116571 1.423615
1341846314.089801 -0.590404 -3.115641 1.423616
1341846314.122037 -0.590070 -3.116820 1.412985
1341846314.157989 -0.582635 -3.117795 1.423009
1341846314.190094 -0.572392 -3.117899 1.421776
1341846314.225969 -0.556049 -3.108503 1.415146
1341846314.257923 -0.549280 -3.096349 1.419469
1341846314.290052 -0.556668 -3.104341 1.420972
1341846314.325981 -0.549036 -3.106272 1.416083
1341846314.357905 -0.535046 -3.098583 1.423140
1341846314.389899 -0.539109 -3.099467 1.422462
1341846314.427905 -0.533249 -3.108145 1.419368
1341846314.493987 -0.516309 -3.098088 1.425287
1341846314.526085 -0.505799 -3.104550 1.424685
1341846314.558292 -0.500678 -3.098942 1.425078
1341846314.594085 -0.493654 -3.098301 1.434427
1341846314.626096 -0.493947 -3.106893 1.429855
1341846314.658455 -0.489272 -3.106709 1.426800
1341846314.694004 -0.472039 -3.093952 1.436969
1341846314.725910 -0.494071 -3.094394 1.439279
1341846314.761942 -0.479554 -3.094581 1.439569
1341846314.794030 -0.470776 -3.098159 1.433967
1341846314.826092 -0.450970 -3.106493 1.444441
1341846314.862145 -0.453603 -3.114589 1.445470
1341846314.894072 -0.437454 -3.103231 1.442357
1341846314.925969 -0.435244 -3.104859 1.441400
1341846314.961937 -0.436045 -3.107721 1.429359
1341846314.994564 -0.419407 -3.102759 1.431297
1341846315.029900 -0.402111 -3.099205 1.434834
1341846315.061965 -0.398791 -3.094136 1.434005
1341846315.094388 -0.409498 -3.096326 1.440940
1341846315.129851 -0.397693 -3.098737 1.443898
1341846315.161941 -0.384724 -3.109392 1.426438
1341846315.197984 -0.390731 -3.107324 1.429164
1341846315.230076 -0.384944 -3.101921 1.428680
1341846315.262069 -0.376479 -3.093404 1.432082
1341846315.298000 -0.372796 -3.086538 1.440105
1341846315.329931 -0.371470 -3.077898 1.453317
1341846315.361981 -0.360584 -3.077761 1.452328
1341846315.397962 -0.349175 -3.081316 1.452032
1341846315.429923 -0.337797 -3.088945 1.450062
1341846315.466047 -0.329641 -3.092439 1.445581
1341846315.497883 -0.336069 -3.091609 1.447010
1341846315.530008 -0.325678 -3.083115 1.444883
1341846315.566108 -0.321722 -3.082968 1.442774
1341846315.597986 -0.321718 -3.081681 1.444863
1341846315.630109 -0.320023 -3.083846 1.446158
1341846315.666042 -0.315961 -3.091207 1.444988
1341846315.698114 -0.305777 -3.096189 1.438630
1341846315.733985 -0.324232 -3.089739 1.452956
1341846315.766041 -0.332318 -3.090123 1.448687
1341846315.798188 -0.328562 -3.093112 1.453218
1341846315.834140 -0.330949 -3.086039 1.454455
1341846315.866751 -0.330699 -3.084080 1.454131
1341846315.898492 -0.336361 -3.079152 1.453559
1341846315.936901 -0.336166 -3.081891 1.458033
1341846315.966572 -0.341498 -3.080100 1.457802
1341846316.034204 -0.355452 -3.089540 1.460040
1341846316.066113 -0.367301 -3.091319 1.462311
1341846316.101867 -0.370792 -3.099539 1.459160
1341846316.134066 -0.379881 -3.095681 1.459289
1341846316.202049 -0.399008 -3.090189 1.459528
1341846316.233979 -0.402944 -3.101247 1.456925
1341846316.270052 -0.409483 -3.102249 1.457631
1341846316.301915 -0.417618 -3.093265 1.461894
1341846316.334208 -0.420157 -3.089434 1.463218
1341846316.370006 -0.422696 -3.087967 1.464113
1341846316.401994 -0.435927 -3.092274 1.456421
1341846316.438069 -0.447207 -3.089602 1.460070
1341846316.470076 -0.450279 -3.085167 1.464578
1341846316.502034 -0.460430 -3.102171 1.451986
1341846316.537975 -0.466075 -3.107406 1.447471
1341846316.570121 -0.478313 -3.099359 1.453902
1341846316.601885 -0.483993 -3.099296 1.458147
1341846316.638009 -0.492618 -3.101178 1.458361
1341846316.669925 -0.491498 -3.093065 1.459643
1341846316.705941 -0.498990 -3.096889 1.464686
1341846316.738062 -0.514220 -3.106198 1.456367
1341846316.770433 -0.518952 -3.106190 1.450480
1341846316.805932 -0.535747 -3.103940 1.456467
1341846316.838029 -0.541662 -3.100367 1.454530
1341846316.870034 -0.554096 -3.096259 1.454847
1341846316.906344 -0.567530 -3.096903 1.448310
1341846316.937940 -0.570770 -3.098419 1.444087
1341846316.973994 -0.580182 -3.099060 1.440459
1341846317.005913 -0.585029 -3.098055 1.445308
1341846317.037936 -0.593783 -3.096379 1.446198
1341846317.073972 -0.599065 -3.095156 1.449535
1341846317.106113 -0.608239 -3.100257 1.452460
1341846317.137887 -0.616020 -3.105763 1.453256
1341846317.173970 -0.628379 -3.112420 1.453330
1341846317.205887 -0.635040 -3.110027 1.450466
1341846317.248131 -0.636971 -3.094124 1.443912
1341846317.306289 -0.652140 -3.098647 1.441867
1341846317.348137 -0.655372 -3.093980 1.442622
1341846317.410120 -0.675088 -3.100161 1.439896
1341846317.442569 -0.679949 -3.099816 1.445352
1341846317.474010 -0.675954 -3.085520 1.443604
1341846317.509927 -0.682585 -3.089089 1.434962
1341846317.542282 -0.684512 -3.090200 1.432365
1341846317.573943 -0.694026 -3.089156 1.437916
1341846317.610159 -0.705841 -3.088990 1.436509
1341846317.643553 -0.716495 -3.088870 1.430912
1341846317.677993 -0.722722 -3.082414 1.430919
1341846317.709996 -0.725470 -3.082585 1.430947
1341846317.741834 -0.727740 -3.083549 1.426462
1341846317.777923 -0.736845 -3.078312 1.422608
1341846317.810021 -0.744505 -3.069376 1.420904
1341846317.841886 -0.751825 -3.068645 1.415611
1341846317.878017 -0.767355 -3.063858 1.411251
1341846317.909910 -0.780906 -3.077499 1.414812
1341846317.946031 -0.791452 -3.076919 1.415498
1341846317.978041 -0.799767 -3.068757 1.415019
1341846318.009897 -0.807378 -3.084891 1.417106
1341846318.045949 -0.822017 -3.088528 1.411478
1341846318.078074 -0.830175 -3.080860 1.411875
1341846318.109894 -0.840778 -3.075545 1.408835
1341846318.145957 -0.837709 -3.078142 1.408329
1341846318.178001 -0.843165 -3.080205 1.411963
1341846318.214074 -0.864444 -3.084180 1.417201
1341846318.245970 -0.874578 -3.107285 1.428270
1341846318.278018 -0.875503 -3.107111 1.424684
1341846318.313937 -0.874953 -3.105815 1.422122
1341846318.345989 -0.884575 -3.095533 1.423053
1341846318.382046 -0.894434 -3.081718 1.422777
1341846318.414072 -0.900831 -3.080079 1.423324
1341846318.446035 -0.920110 -3.089658 1.420154
1341846318.482196 -0.931697 -3.093188 1.417068
1341846318.514144 -0.939333 -3.088677 1.414158
1341846318.546259 -0.947856 -3.087429 1.417141
1341846318.582042 -0.951695 -3.100677 1.409729
1341846318.614115 -0.963675 -3.101839 1.409377
1341846318.650038 -0.969549 -3.104701 1.412975
1341846318.682350 -0.978586 -3.106848 1.414283
1341846318.714063 -0.989603 -3.111091 1.416218
1341846318.749905 -0.998458 -3.114104 1.416231
1341846318.782036 -1.008424 -3.118651 1.412532
1341846318.814121 -1.030360 -3.116785 1.407012
1341846318.850072 -1.035219 -3.112793 1.407618
1341846318.883516 -1.048637 -3.133174 1.415194
1341846318.918047 -1.051519 -3.137870 1.415534
1341846318.950044 -1.065618 -3.128829 1.414915
1341846318.982028 -1.072123 -3.128517 1.412595
1341846319.018123 -1.070976 -3.139787 1.416046
1341846319.050745 -1.088430 -3.112665 1.415853
1341846319.081905 -1.099106 -3.125090 1.415611
1341846319.117976 -1.114674 -3.139402 1.407886
1341846319.150093 -1.110098 -3.130087 1.411774
1341846319.186069 -1.112057 -3.134319 1.401926
1341846319.218149 -1.108971 -3.146453 1.392151
1341846319.250034 -1.118065 -3.140315 1.381722
1341846319.286594 -1.122708 -3.134956 1.387199
1341846319.318034 -1.135196 -3.131513 1.384526
1341846319.350268 -1.149882 -3.127369 1.383219
1341846319.386163 -1.168916 -3.113546 1.386123
1341846319.418386 -1.171981 -3.119185 1.384053
1341846319.453961 -1.171679 -3.118117 1.381880
1341846319.486271 -1.174088 -3.132004 1.382518
1341846319.554083 -1.193119 -3.115046 1.374401
1341846319.586296 -1.207966 -3.122816 1.376763
1341846319.622031 -1.222402 -3.134411 1.377734
1341846319.653962 -1.235101 -3.115876 1.378446
1341846319.686352 -1.236415 -3.116176 1.379148
1341846319.721992 -1.239914 -3.125108 1.375713
1341846319.754063 -1.247443 -3.127358 1.362434
1341846319.786397 -1.252018 -3.122080 1.365360
1341846319.822008 -1.263290 -3.118934 1.359402
1341846319.853917 -1.260898 -3.138089 1.365831
1341846319.889942 -1.262912 -3.138960 1.376734
1341846319.922039 -1.273040 -3.143058 1.382095
1341846319.953946 -1.271983 -3.122481 1.379002
1341846319.990054 -1.273345 -3.126981 1.374320
1341846320.028122 -1.271913 -3.132299 1.380850
1341846320.090047 -1.257306 -3.129854 1.371126
1341846320.122011 -1.250545 -3.123879 1.368665
1341846320.157952 -1.244590 -3.124285 1.371528
1341846320.190003 -1.231404 -3.119624 1.372235
1341846320.221941 -1.225088 -3.110403 1.376110
1341846320.258015 -1.218998 -3.114283 1.382532
1341846320.289887 -1.211192 -3.118873 1.398004
1341846320.321954 -1.198993 -3.123315 1.389076
1341846320.357890 -1.183134 -3.110243 1.388552
1341846320.390064 -1.163623 -3.128631 1.388809
1341846320.426544 -1.145990 -3.129805 1.388755
1341846320.458122 -1.134514 -3.121517 1.396945
1341846320.490186 -1.106188 -3.129614 1.412472
1341846320.525911 -1.071794 -3.167741 1.417485
1341846320.558091 -1.101036 -3.125146 1.400360
1341846320.594093 -1.075755 -3.149149 1.414442
1341846320.631955 -1.068223 -3.104539 1.401894
1341846320.664916 -1.070395 -3.087354 1.390049
1341846320.699927 -1.053004 -3.090107 1.398027
1341846320.731822 -1.034468 -3.114886 1.405332
1341846320.763877 -1.016595 -3.108104 1.398427
1341846320.799999 -1.011490 -3.108375 1.407861
1341846320.831871 -0.971789 -3.129949 1.415671
1341846320.863887 -1.001423 -3.106846 1.396600
1341846320.900014 -0.988819 -3.098172 1.412595
1341846320.931889 -0.966742 -3.097643 1.412584
1341846320.967866 -0.963106 -3.107614 1.401371
1341846321.000017 -0.958834 -3.098657 1.405447
1341846321.031860 -0.940916 -3.097196 1.416224
1341846321.068047 -0.943873 -3.106808 1.408391
1341846321.099840 -0.941328 -3.115614 1.413003
1341846321.131821 -0.921669 -3.101950 1.420664
1341846321.167887 -0.911569 -3.097682 1.416139
1341846321.200042 -0.907227 -3.102866 1.417993
1341846321.231950 -0.897175 -3.104132 1.424958
1341846321.267939 -0.880554 -3.122445 1.428541
1341846321.299948 -0.876207 -3.109667 1.426440
1341846321.331858 -0.871818 -3.101361 1.430865
1341846321.367913 -0.851526 -3.106136 1.439868
1341846321.399897 -0.843346 -3.103438 1.437344
1341846321.435994 -0.840824 -3.094140 1.437977
1341846321.467946 -0.827414 -3.080246 1.438813
1341846321.499882 -0.811882 -3.074224 1.437746
1341846321.536109 -0.791156 -3.097177 1.440298
1341846321.568960 -0.799033 -3.073576 1.427245
1341846321.603938 -0.790741 -3.082819 1.436309
1341846321.637163 -0.756181 -3.100734 1.436859
1341846321.668306 -0.774394 -3.076941 1.429082
1341846321.704411 -0.787423 -3.067027 1.424958
1341846321.736861 -0.774046 -3.065499 1.426767
1341846321.771881 -0.756303 -3.071148 1.420194
1341846321.804114 -0.745216 -3.065874 1.424060
1341846321.836152 -0.746203 -3.064159 1.416076
1341846321.871882 -0.739492 -3.062936 1.408180
1341846321.904074 -0.730369 -3.063974 1.411407
1341846321.939847 -0.731162 -3.058737 1.416707
1341846322.004094 -0.737582 -3.054502 1.420758
1341846322.066178 -0.721581 -3.054620 1.430310
1341846322.107979 -0.729106 -3.047150 1.443285
1341846322.166164 -0.729084 -3.042996 1.464882
1341846322.202932 -0.728782 -3.042224 1.469205
1341846322.234093 -0.728738 -3.046497 1.472473
1341846322.265941 -0.728463 -3.046524 1.482434
1341846322.301996 -0.723738 -3.042466 1.495579
1341846322.333949 -0.732521 -3.034991 1.508563
1341846322.369871 -0.728189 -3.036520 1.525802
1341846322.402292 -0.716269 -3.035334 1.539000
1341846322.433955 -0.735998 -3.026358 1.557613
1341846322.470030 -0.735697 -3.023357 1.566344
1341846322.502433 -0.727384 -3.019446 1.584667
1341846322.534002 -0.728499 -3.021205 1.590438
1341846322.570196 -0.729891 -3.013996 1.601171
1341846322.601920 -0.730523 -3.019236 1.621436
1341846322.638119 -0.718902 -3.009962 1.631554
1341846322.669947 -0.710609 -3.006827 1.633469
1341846322.702026 -0.722806 -3.007120 1.650271
1341846322.738006 -0.718127 -3.004550 1.646267
1341846322.770087 -0.718713 -3.013793 1.664309
1341846322.806047 -0.726538 -3.011982 1.678622
1341846322.838063 -0.730082 -3.008976 1.680972
1341846322.870081 -0.728333 -2.999284 1.694385
1341846322.906018 -0.715148 -2.993245 1.693973
1341846322.938349 -0.715362 -2.994613 1.681556
1341846322.970069 -0.716736 -2.996956 1.691952
1341846323.011820 -0.714764 -2.987326 1.703623
1341846323.073951 -0.716861 -2.978905 1.700721
1341846323.105962 -0.718475 -2.974237 1.717307
1341846323.138158 -0.716917 -2.974348 1.719717
1341846323.174092 -0.721709 -2.973315 1.719455
1341846323.206059 -0.713843 -2.973253 1.728011
1341846323.238053 -0.709722 -2.973960 1.731219
1341846323.273997 -0.727428 -2.976478 1.729878
1341846323.305946 -0.719613 -2.971270 1.742314
1341846323.342027 -0.702601 -2.964726 1.761682
1341846323.374048 -0.721185 -2.963667 1.767823
1341846323.405987 -0.732317 -2.969186 1.782473
1341846323.441956 -0.720396 -2.959635 1.789057
1341846323.473878 -0.720586 -2.957523 1.795308
1341846323.506129 -0.727113 -2.961739 1.788240
1341846323.541972 -0.719513 -2.960384 1.792994
1341846323.573913 -0.701671 -2.969052 1.812609
1341846323.609927 -0.714763 -2.963350 1.809990
1341846323.642014 -0.728912 -2.960210 1.821143
1341846323.674081 -0.731617 -2.955848 1.832134
1341846323.710069 -0.729876 -2.957436 1.849609
1341846323.742111 -0.735456 -2.951905 1.859389
1341846323.774928 -0.735538 -2.952937 1.855954
1341846323.810012 -0.735685 -2.951122 1.858116
1341846323.842207 -0.732953 -2.950214 1.865617
1341846323.878019 -0.740061 -2.952188 1.878329
1341846323.909826 -0.738543 -2.950649 1.892281
1341846323.942459 -0.741388 -2.952530 1.890693
1341846323.978055 -0.749277 -2.954348 1.895521
1341846324.015934 -0.739415 -2.958429 1.898907
1341846324.047722 -0.733037 -2.962913 1.891782
1341846324.083904 -0.732303 -2.961810 1.875595
1341846324.115968 -0.729521 -2.963876 1.874277
1341846324.151967 -0.725478 -2.964502 1.870591
1341846324.183941 -0.730869 -2.963836 1.852912
1341846324.219984 -0.736782 -2.960401 1.848818
1341846324.251968 -0.739473 -2.958126 1.849669
1341846324.284052 -0.743353 -2.960723 1.836138
1341846324.319880 -0.742016 -2.967486 1.823991
1341846324.351917 -0.734952 -2.965329 1.806323
1341846324.388001 -0.726563 -2.971270 1.801235
1341846324.419908 -0.730354 -2.962317 1.783735
1341846324.452027 -0.733402 -2.966180 1.784697
1341846324.487928 -0.735199 -2.968039 1.778708
1341846324.519985 -0.745367 -2.972338 1.765512
1341846324.556001 -0.739151 -2.969523 1.746901
1341846324.587888 -0.734726 -2.970689 1.734520
1341846324.620086 -0.735623 -2.966849 1.731328
1341846324.655955 -0.725813 -2.977118 1.721461
1341846324.688082 -0.728342 -2.973235 1.717322
1341846324.755922 -0.739751 -2.985050 1.678381
1341846324.814016 -0.714718 -2.991031 1.647234
1341846324.849979 -0.728184 -2.977471 1.633027
1341846324.881924 -0.734925 -2.975220 1.628686
1341846324.913902 -0.726789 -2.979126 1.623515
1341846324.949999 -0.730148 -2.976363 1.626734
1341846324.981922 -0.742774 -2.978279 1.618843
1341846325.018013 -0.739637 -2.980951 1.606552
1341846325.050079 -0.741096 -2.988690 1.591236
1341846325.081901 -0.734980 -2.993248 1.572130
1341846325.118531 -0.717735 -2.990261 1.563928
1341846325.149933 -0.723044 -2.985195 1.559491
1341846325.181925 -0.724584 -2.982640 1.554736
1341846325.218055 -0.726340 -2.987857 1.545413
1341846325.249811 -0.725119 -2.979926 1.536696
1341846325.285925 -0.722378 -2.981577 1.526959
1341846325.317988 -0.710284 -2.981249 1.534352
1341846325.349844 -0.716821 -2.977826 1.534040
1341846325.387302 -0.712975 -2.979911 1.522107
1341846325.417931 -0.700785 -2.994776 1.520050
1341846325.450747 -0.700730 -2.983009 1.523409
1341846325.485954 -0.710817 -2.983498 1.498782
1341846325.517875 -0.712042 -2.982633 1.488994
1341846325.553859 -0.712428 -2.981291 1.482161
1341846325.585855 -0.713755 -2.973749 1.464847
1341846325.617990 -0.710518 -2.980159 1.445935
1341846325.653982 -0.717075 -2.967499 1.460041
1341846325.685819 -0.716048 -2.969559 1.458214
1341846325.717857 -0.718495 -2.968916 1.442028
1341846325.754083 -0.722841 -2.967468 1.441090
1341846325.786087 -0.717283 -2.967013 1.433822
1341846325.821856 -0.718587 -2.979869 1.414851
1341846325.853827 -0.725133 -2.978815 1.408540
1341846325.885958 -0.732459 -2.987208 1.396772
1341846325.921984 -0.724044 -2.967091 1.392321
1341846325.953899 -0.715909 -2.969076 1.389338
1341846325.985823 -0.717788 -2.975677 1.374789
1341846326.021991 -0.724228 -2.978608 1.373382
1341846326.054055 -0.715727 -2.970556 1.360823
1341846326.089984 -0.707799 -2.983187 1.343832
1341846326.121822 -0.706311 -2.978532 1.330562
1341846326.154079 -0.712833 -2.971862 1.328396
1341846326.190178 -0.712930 -2.971198 1.315489
1341846326.222162 -0.712722 -2.961152 1.298496
1341846326.259181 -0.712651 -2.962284 1.285514
1341846326.322766 -0.707487 -2.980240 1.267652
1341846326.359773 -0.706734 -2.981587 1.265918
1341846326.392109 -0.704864 -2.975071 1.271001
1341846326.423985 -0.708283 -2.973441 1.260355
1341846326.459869 -0.711776 -2.972596 1.243630
1341846326.526163 -0.696060 -2.972609 1.213230
1341846326.560211 -0.696934 -2.964644 1.201083
1341846326.591828 -0.697024 -2.966148 1.199717
1341846326.627027 -0.690833 -2.969120 1.188158
1341846326.658442 -0.689097 -2.956297 1.162924
1341846326.694856 -0.695813 -2.952969 1.151616
1341846326.726206 -0.694626 -2.954430 1.136170
1341846326.762753 -0.684087 -2.960695 1.124822
1341846326.826821 -0.692055 -2.962974 1.096613
1341846326.858887 -0.692080 -2.949408 1.086021
1341846326.895360 -0.699458 -2.948009 1.085671
1341846326.926897 -0.700563 -2.950185 1.075139
1341846326.958888 -0.687820 -2.956431 1.073293
1341846326.994594 -0.682302 -2.963777 1.062429
1341846327.026301 -0.683188 -2.965481 1.049281
1341846327.063945 -0.728403 -2.975197 1.037292
1341846327.094662 -0.681057 -2.962234 1.034571
1341846327.128901 -0.676692 -2.962466 1.022832
1341846327.161940 -0.670947 -2.966523 1.010714
1341846327.193867 -0.741041 -2.966211 1.004393
1341846327.229885 -0.625700 -2.966960 0.969278
1341846327.262014 -0.678094 -2.970512 0.971748
1341846327.294023 -0.746785 -2.976411 0.945947
1341846327.330015 -0.753693 -2.993467 0.944623
1341846327.361939 -0.777343 -3.001011 0.928827
1341846327.393887 -0.840207 -2.993270 0.920820
1341846327.429966 -0.881789 -3.000504 0.925314
1341846327.461965 -0.916156 -3.002112 0.930874
1341846327.497931 -0.910407 -2.985096 0.908938
1341846327.530068 -0.944994 -2.991117 0.902018
1341846327.561895 -0.974558 -2.979454 0.883758
1341846327.598010 -1.018170 -2.970889 0.890485
1341846327.629945 -1.035714 -2.977263 0.873813
1341846327.662003 -1.048727 -2.975695 0.889210
1341846327.697919 -1.090277 -2.978947 0.877139
1341846327.730075 -0.812072 -2.982096 0.879661
1341846327.766017 -0.815019 -2.982513 0.877155
1341846327.797917 -0.812099 -2.984467 0.862088
1341846327.830054 -0.814920 -2.981554 0.854543
1341846327.865944 -0.808793 -2.981920 0.854108
1341846327.898010 -0.810442 -2.977923 0.836437
1341846327.929991 -0.810139 -2.979700 0.831867
1341846327.966065 -0.808534 -2.983847 0.817403
1341846327.998073 -0.805446 -2.984911 0.807511
1341846328.034045 -0.806698 -2.985839 0.799060
1341846328.065993 -0.808547 -2.983495 0.807609
1341846328.098045 -0.704096 -2.971986 0.809655
1341846328.133967 -0.711130 -2.975832 0.810566
1341846328.166023 -0.711138 -2.977497 0.815300
1341846328.198018 -0.713829 -2.975102 0.825222
1341846328.234044 -0.728109 -2.974535 0.836575
1341846328.265899 -0.731105 -2.976263 0.847460
1341846328.302051 -0.739064 -2.973774 0.865453
1341846328.333917 -0.748754 -2.971705 0.881977
1341846328.366008 -0.716487 -2.959886 0.901465
1341846328.402010 -0.764923 -2.945426 0.902717
1341846328.433920 -0.719679 -2.962211 0.922067
1341846328.470003 -0.723055 -2.956093 0.935486
1341846328.502194 -0.716546 -2.954463 0.968627
1341846328.534033 -0.694774 -2.957053 0.965389
1341846328.570125 -0.737694 -2.940925 0.984495
1341846328.602804 -0.708058 -2.955866 1.046373
1341846328.672663 -0.697031 -2.950339 1.059378
1341846328.702975 -0.720888 -2.934887 1.068866
1341846328.770129 -0.707408 -2.947395 1.083802
1341846328.802331 -0.697437 -2.938366 1.083654
1341846328.838051 -0.673527 -2.941368 1.111341
1341846328.869939 -0.683087 -2.945866 1.102115
1341846328.904486 -0.675781 -2.942206 1.136820
1341846328.939814 -0.669229 -2.932105 1.136575
1341846328.970217 -0.683240 -2.941139 1.144214
1341846329.006232 -0.675285 -2.941808 1.144251
1341846329.038243 -0.670318 -2.939233 1.214767
1341846329.106125 -0.678720 -2.943549 1.227434
1341846329.138340 -0.668963 -2.944404 1.235599
1341846329.169991 -0.668271 -2.949605 1.231119
1341846329.208656 -0.669168 -2.957451 1.226007
1341846329.238169 -0.662792 -2.957230 1.225234
1341846329.273827 -0.670909 -2.959432 1.246075
1341846329.306052 -0.671917 -2.961730 1.235503
1341846329.338104 -0.671482 -2.966865 1.237737
1341846329.373907 -0.673315 -2.963754 1.257039
1341846329.405985 -0.671207 -2.966141 1.262521
1341846329.442057 -0.672902 -2.969154 1.261074
1341846329.473950 -0.672017 -2.970899 1.267418
1341846329.506147 -0.686201 -2.972895 1.268891
1341846329.542121 -0.674726 -2.975167 1.316652
1341846329.574086 -0.686296 -2.972020 1.327988
1341846329.606387 -0.686820 -2.975787 1.324669
1341846329.641955 -0.694244 -2.976507 1.329927
1341846329.681570 -0.693417 -2.974363 1.346745
1341846329.748113 -0.669549 -2.975816 1.342714
1341846329.810175 -0.671276 -2.971247 1.378058
1341846329.842255 -0.677853 -2.973286 1.392365
1341846329.874044 -0.684766 -2.973546 1.378288
1341846329.910073 -0.686919 -2.972713 1.382679
1341846329.942009 -0.700837 -2.971619 1.386477
1341846329.978087 -0.682294 -2.971792 1.412024
1341846330.016305 -0.683409 -2.979279 1.390339
1341846330.048192 -0.687590 -2.982440 1.392104
1341846330.080418 -0.694762 -2.974468 1.417895
1341846330.115886 -0.690381 -2.977567 1.430358
1341846330.147839 -0.693317 -2.982571 1.413224
1341846330.181257 -0.680349 -2.986196 1.404063
1341846330.215852 -0.684144 -2.981612 1.417163
1341846330.247833 -0.687379 -2.983109 1.421130
1341846330.283913 -0.694564 -2.985535 1.426865
1341846330.316011 -0.718499 -2.977866 1.446406
1341846330.347868 -0.724627 -2.974942 1.443141
1341846330.383835 -0.714869 -2.975249 1.453698
1341846330.415934 -0.728085 -2.968935 1.477301
1341846330.452561 -0.719485 -2.975898 1.458511
1341846330.483903 -0.721927 -2.978212 1.463601
1341846330.515970 -0.737001 -2.974897 1.489108
1341846330.552099 -0.733192 -2.978774 1.488560
1341846330.583876 -0.723841 -2.983370 1.480018
1341846330.619992 -0.711539 -2.991823 1.466464
1341846330.652136 -0.721599 -2.988080 1.482714
1341846330.683796 -0.727506 -2.989996 1.494854
1341846330.719991 -0.720634 -3.002832 1.465201
1341846330.752103 -0.750115 -2.995594 1.503022
1341846330.787952 -0.724926 -3.016886 1.461192
1341846330.819823 -0.716265 -3.009721 1.460835
1341846330.852208 -0.719361 -3.021445 1.443572
1341846330.914111 -0.745414 -3.017440 1.491763
1341846330.949903 -0.765498 -3.013988 1.508205
1341846330.981986 -0.745145 -3.032885 1.475566
1341846331.014111 -0.735049 -3.034245 1.472009
1341846331.082139 -0.740587 -3.039381 1.479154
1341846331.114334 -0.741845 -3.039776 1.473869
1341846331.149989 -0.745151 -3.037100 1.479269
1341846331.181954 -0.753814 -3.042633 1.475777
1341846331.218151 -0.758999 -3.052220 1.467177
1341846331.249914 -0.749703 -3.042472 1.476861
1341846331.318141 -0.744077 -3.041044 1.469020
1341846331.349926 -0.734048 -3.044639 1.476937
1341846331.382003 -0.728843 -3.051639 1.492890
1341846331.418008 -0.737710 -3.045568 1.477845
1341846331.450327 -0.737332 -3.042436 1.461557
1341846331.486219 -0.754371 -3.027866 1.456498
1341846331.518344 -0.741849 -3.027315 1.466171
1341846331.550202 -0.727065 -3.019392 1.462472
1341846331.586139 -0.732520 -3.011034 1.458322
1341846331.617931 -0.724792 -2.999600 1.454964
1341846331.654027 -0.712331 -2.982299 1.457534
1341846331.686123 -0.722910 -2.978889 1.443556
1341846331.717954 -0.717292 -2.978972 1.441397
1341846331.754076 -0.710140 -2.961646 1.448125
1341846331.785920 -0.715978 -2.955078 1.441790
1341846331.818053 -0.730107 -2.949311 1.436310
1341846331.853849 -0.735694 -2.941586 1.433074
1341846331.885987 -0.713790 -2.925745 1.430398
1341846331.922014 -0.700755 -2.912852 1.418967
1341846331.954037 -0.701884 -2.903879 1.421874
1341846331.986135 -0.706883 -2.902092 1.412112
1341846332.022364 -0.719198 -2.885502 1.415086
1341846332.054175 -0.707938 -2.866954 1.415422
1341846332.086502 -0.706496 -2.852380 1.416042
1341846332.122051 -0.710879 -2.839126 1.415048
1341846332.153983 -0.709767 -2.826081 1.399907
1341846332.190165 -0.709721 -2.811560 1.394424
1341846332.254145 -0.708212 -2.780727 1.408439
1341846332.289948 -0.713617 -2.769757 1.394784
1341846332.322172 -0.719105 -2.761312 1.401345
1341846332.354003 -0.709630 -2.756691 1.401838
1341846332.390180 -0.711066 -2.749681 1.387896
1341846332.422055 -0.717178 -2.737006 1.384434
1341846332.458114 -0.714463 -2.728696 1.388634
1341846332.489993 -0.718236 -2.713771 1.375611
1341846332.522130 -0.732737 -2.705430 1.370458
1341846332.558114 -0.730726 -2.703867 1.378162
1341846332.589874 -0.722556 -2.693929 1.367367
1341846332.621889 -0.719931 -2.686606 1.355111
1341846332.658202 -0.712578 -2.672071 1.358438
1341846332.690001 -0.707662 -2.665775 1.360644
1341846332.726000 -0.713013 -2.651855 1.359509
1341846332.758386 -0.706756 -2.654409 1.362652
1341846332.789937 -0.701261 -2.645852 1.353960
1341846332.825925 -0.691019 -2.627944 1.354422
1341846332.857898 -0.694725 -2.617260 1.352486
1341846332.894069 -0.689541 -2.610030 1.341518
1341846332.926029 -0.684671 -2.607944 1.338658
1341846332.958015 -0.682250 -2.595594 1.332180
1341846332.994073 -0.675489 -2.587849 1.329086
1341846333.026545 -0.676222 -2.579436 1.330929
1341846333.057998 -0.664905 -2.572346 1.319574
1341846333.094024 -0.661174 -2.565149 1.319449
1341846333.126095 -0.653095 -2.557452 1.315031
1341846333.161973 -0.655396 -2.557062 1.310632
1341846333.195660 -0.654672 -2.549739 1.309245
1341846333.226331 -0.652536 -2.544964 1.303842
1341846333.262056 -0.650717 -2.539509 1.292593
1341846333.294147 -0.647495 -2.534157 1.292577
1341846333.326100 -0.643735 -2.530547 1.290658
1341846333.362100 -0.639868 -2.530489 1.284699
1341846333.394119 -0.645294 -2.524837 1.291642
1341846333.429974 -0.647271 -2.521999 1.292125
1341846333.462115 -0.635383 -2.515039 1.292983
1341846333.494040 -0.646437 -2.514581 1.298330
1341846333.529953 -0.669580 -2.522760 1.300175
1341846333.562063 -0.689153 -2.522128 1.295413
1341846333.594090 -0.708351 -2.519745 1.294629
1341846333.629994 -0.742132 -2.517222 1.287952
1341846333.662127 -0.642052 -2.517137 1.282776
1341846333.697964 -0.653328 -2.517914 1.290542
1341846333.730092 -0.678040 -2.527453 1.292548
1341846333.762089 -0.653861 -2.527619 1.292644
1341846333.798006 -0.642623 -2.526082 1.300983
1341846333.830055 -0.634005 -2.527429 1.297055
1341846333.866045 -0.637196 -2.531721 1.294537
1341846333.897987 -0.633292 -2.534652 1.299437
1341846333.930099 -0.640287 -2.539584 1.302025
1341846333.965889 -0.635526 -2.544858 1.306378
1341846333.997985 -0.632352 -2.550980 1.308746
1341846334.030076 -0.637253 -2.557775 1.305270
1341846334.066000 -0.644223 -2.562834 1.308301
1341846334.097932 -0.640593 -2.571607 1.304189
1341846334.133884 -0.644396 -2.577358 1.309385
1341846334.166115 -0.650971 -2.584637 1.309526
1341846334.198072 -0.655441 -2.591526 1.309299
1341846334.234097 -0.661670 -2.599348 1.309265
1341846334.266045 -0.675324 -2.610234 1.316987
1341846334.297946 -0.676002 -2.618538 1.316883
1341846334.334036 -0.675410 -2.623727 1.316014
1341846334.365871 -0.681711 -2.630385 1.313607
1341846334.401845 -0.691126 -2.637868 1.313104
1341846334.433864 -0.689201 -2.642149 1.318085
1341846334.466105 -0.693983 -2.649905 1.319411
1341846334.502142 -0.698418 -2.655879 1.320327
1341846334.540153 -0.702162 -2.662814 1.322296
1341846334.602351 -0.712791 -2.681741 1.316922
1341846334.670161 -0.713363 -2.693537 1.324218
1341846334.702085 -0.720606 -2.699936 1.328667
1341846334.734751 -0.722745 -2.710632 1.330882
1341846334.770889 -0.724929 -2.720213 1.334152
1341846334.802194 -0.726657 -2.732245 1.336088
1341846334.833908 -0.725710 -2.743688 1.334071
1341846334.869874 -0.726047 -2.753575 1.336902
1341846334.902006 -0.731115 -2.767746 1.342083
1341846334.938010 -0.734761 -2.774402 1.341583
1341846334.970032 -0.730934 -2.781996 1.344492
1341846335.002203 -0.734118 -2.797567 1.352739
1341846335.037880 -0.735634 -2.809220 1.356227
1341846335.069990 -0.733372 -2.820193 1.350809
1341846335.106038 -0.735791 -2.827723 1.351493
1341846335.138045 -0.746225 -2.835665 1.355921
1341846335.169900 -0.747710 -2.851405 1.356702
1341846335.206091 -0.749849 -2.856951 1.355354
1341846335.239365 -0.747453 -2.863535 1.361251
1341846335.269948 -0.750568 -2.875884 1.366318
1341846335.305972 -0.752123 -2.887939 1.369272
1341846335.338012 -0.753144 -2.892870 1.368606
1341846335.374005 -0.755325 -2.903222 1.374926
1341846335.406025 -0.755876 -2.912542 1.379695
1341846335.438079 -0.757571 -2.924158 1.375106
1341846335.473998 -0.756731 -2.933929 1.371361
1341846335.507038 -0.756877 -2.945457 1.369154
1341846335.538040 -0.760151 -2.954901 1.364841
1341846335.574119 -0.766110 -2.963266 1.362511
1341846335.605970 -0.765398 -2.969640 1.370176
1341846335.641978 -0.764452 -2.981136 1.371134
1341846335.673993 -0.768444 -2.991305 1.369100
1341846335.706178 -0.770180 -3.002153 1.372138
1341846335.741982 -0.763979 -3.013950 1.378445
1341846335.773960 -0.765005 -3.025477 1.378062
1341846335.806271 -0.768873 -3.035165 1.371156
1341846335.842031 -0.769795 -3.043996 1.379449
1341846335.873966 -0.767608 -3.057681 1.384745
1341846335.910005 -0.779105 -3.070081 1.380085
1341846335.941936 -0.780954 -3.080666 1.382088
1341846335.974198 -0.780578 -3.088307 1.382523
1341846336.010032 -0.780621 -3.099125 1.384600
1341846336.042129 -0.785959 -3.110217 1.384985
1341846336.078076 -0.785768 -3.118089 1.391367
1341846336.110739 -0.789324 -3.128418 1.387901
1341846336.142002 -0.794545 -3.141134 1.390411
1341846336.183953 -0.799849 -3.150626 1.387541
1341846336.241891 -0.796405 -3.162478 1.388463
1341846336.277946 -0.805469 -3.164871 1.392992
1341846336.309977 -0.807688 -3.171893 1.394118
1341846336.346143 -0.806694 -3.183202 1.389652
1341846336.377975 -0.801333 -3.189758 1.395560
1341846336.410032 -0.811589 -3.198951 1.390128
1341846336.446041 -0.812473 -3.208311 1.388107
1341846336.477990 -0.811377 -3.214278 1.390084
1341846336.510056 -0.812093 -3.218801 1.393151
1341846336.546024 -0.815070 -3.224555 1.393590
1341846336.578003 -0.815401 -3.235852 1.389779
1341846336.614020 -0.813679 -3.241153 1.388732
1341846336.645982 -0.818170 -3.250690 1.386703
1341846336.678036 -0.823848 -3.251956 1.391503
1341846336.714024 -0.825743 -3.255340 1.396363
1341846336.746016 -0.827478 -3.261665 1.400398
1341846336.778014 -0.830686 -3.281462 1.395778
1341846336.820006 -0.830773 -3.284777 1.392796
1341846336.882056 -0.835739 -3.300598 1.397806
1341846336.914273 -0.845603 -3.300195 1.404007
1341846336.945998 -0.835619 -3.312445 1.405971
1341846336.981980 -0.837908 -3.320294 1.387301
1341846337.014238 -0.838312 -3.327036 1.382417
1341846337.046017 -0.833800 -3.320597 1.386671
1341846337.082104 -0.836528 -3.332176 1.388334
1341846337.114317 -0.841207 -3.333064 1.389104
1341846337.150037 -0.839348 -3.333518 1.391721
1341846337.181873 -0.833003 -3.332823 1.391101
1341846337.214073 -0.839601 -3.342820 1.386670
1341846337.250087 -0.852826 -3.342957 1.398896
1341846337.282028 -0.851056 -3.343158 1.396191
1341846337.317920 -0.840377 -3.342381 1.391819
1341846337.350018 -0.841717 -3.353344 1.385849
1341846337.382159 -0.840549 -3.350800 1.391768
1341846337.417941 -0.846274 -3.352979 1.400728
1341846337.450137 -0.846832 -3.364498 1.394281
1341846337.482096 -0.843751 -3.357936 1.394113
1341846337.518008 -0.845756 -3.355981 1.398682
1341846337.549978 -0.845405 -3.362881 1.389735
1341846337.585971 -0.846862 -3.359398 1.391968
1341846337.617903 -0.844452 -3.354935 1.412150
1341846337.650141 -0.840090 -3.364255 1.400070
1341846337.686352 -0.841565 -3.364458 1.395969
1341846337.718002 -0.835936 -3.348752 1.395292
1341846337.749920 -0.834676 -3.349316 1.389153
1341846337.786157 -0.837537 -3.354048 1.384638
1341846337.817945 -0.835035 -3.344121 1.389561
1341846337.854071 -0.833688 -3.341907 1.382696
1341846337.885951 -0.835375 -3.341078 1.378126
1341846337.918223 -0.836317 -3.335502 1.375988
1341846337.954120 -0.832142 -3.321553 1.378225
1341846337.985994 -0.827526 -3.320318 1.369615
1341846338.018107 -0.826524 -3.307771 1.374220
1341846338.054055 -0.823300 -3.301813 1.365363
1341846338.085986 -0.817540 -3.290720 1.368046
1341846338.121875 -0.820751 -3.282715 1.370130
1341846338.154089 -0.823062 -3.277415 1.369325
1341846338.186029 -0.819171 -3.269826 1.367028
1341846338.222071 -0.810047 -3.260711 1.364614
1341846338.254107 -0.814423 -3.249398 1.363871
1341846338.290130 -0.815020 -3.241791 1.364210
1341846338.321952 -0.812679 -3.233829 1.358808
1341846338.354022 -0.809239 -3.224876 1.358993
1341846338.389969 -0.809314 -3.215178 1.349720
1341846338.422377 -0.808749 -3.200845 1.347957
1341846338.454010 -0.808696 -3.193847 1.345061
1341846338.489894 -0.809828 -3.185832 1.345453
1341846338.522066 -0.808955 -3.176090 1.345816
1341846338.558058 -0.808162 -3.175538 1.344218
1341846338.589842 -0.809252 -3.164773 1.342191
1341846338.622019 -0.810432 -3.151438 1.341562
1341846338.657984 -0.807815 -3.148391 1.337213
1341846338.690198 -0.796764 -3.133004 1.331400
1341846338.722454 -0.793194 -3.117238 1.333775
1341846338.757945 -0.793793 -3.115795 1.329578
1341846338.790039 -0.793577 -3.104411 1.327991
1341846338.826048 -0.787852 -3.094938 1.327934
1341846338.858027 -0.790541 -3.089858 1.323927
1341846338.889902 -0.786191 -3.072785 1.320159
1341846338.925948 -0.776809 -3.057311 1.317325
1341846338.958108 -0.777484 -3.048311 1.316023
1341846338.990057 -0.774469 -3.036243 1.315896
1341846339.025928 -0.775311 -3.024970 1.314272
1341846339.057939 -0.774337 -3.018595 1.309652
1341846339.093927 -0.773884 -3.012087 1.303164
1341846339.126562 -0.768874 -3.007716 1.298998
1341846339.157969 -0.760603 -2.991638 1.295242
1341846339.194113 -0.764320 -2.988243 1.292606
1341846339.228165 -0.760963 -2.979056 1.290377
1341846339.257998 -0.756016 -2.959179 1.286263
1341846339.294132 -0.754762 -2.953478 1.284024
1341846339.326577 -0.754167 -2.948692 1.274866
1341846339.362269 -0.747983 -2.937889 1.275421
1341846339.394725 -0.743577 -2.925566 1.269070
1341846339.462186 -0.738893 -2.909210 1.267128
1341846339.496743 -0.725806 -2.898407 1.268365
1341846339.562052 -0.731484 -2.882819 1.268459
1341846339.595122 -0.724389 -2.876892 1.266643
1341846339.632085 -0.721281 -2.866123 1.263287
1341846339.664568 -0.720025 -2.856223 1.263240
1341846339.698896 -0.719543 -2.844789 1.264869
1341846339.731977 -0.711919 -2.833679 1.262930
1341846339.762241 -0.706291 -2.822995 1.264592
1341846339.797873 -0.707989 -2.817183 1.263819
1341846339.830245 -0.703164 -2.807964 1.262665
1341846339.862015 -0.700792 -2.802672 1.260524
1341846339.897797 -0.695174 -2.796016 1.261701
1341846339.929916 -0.697357 -2.787205 1.264864
1341846339.961960 -0.693683 -2.781507 1.268258
1341846339.997845 -0.686663 -2.776459 1.263541
1341846340.029925 -0.685750 -2.764798 1.264035
1341846340.066044 -0.684370 -2.758270 1.261598
1341846340.098009 -0.684134 -2.753910 1.260867
1341846340.130102 -0.680173 -2.747401 1.257675
1341846340.166041 -0.674102 -2.741851 1.261631
1341846340.197867 -0.676930 -2.734278 1.256914
1341846340.229904 -0.673724 -2.728279 1.253927
1341846340.265859 -0.669619 -2.718962 1.256937
1341846340.298061 -0.668681 -2.711819 1.255471
1341846340.334063 -0.672909 -2.708925 1.251012
1341846340.366064 -0.664784 -2.699437 1.257862
1341846340.397995 -0.661837 -2.694868 1.252787
1341846340.433895 -0.661778 -2.689529 1.250454
1341846340.465959 -0.662226 -2.688411 1.252829
1341846340.501858 -0.655704 -2.691172 1.253465
1341846340.534329 -0.650694 -2.690723 1.253101
1341846340.566041 -0.645427 -2.685219 1.254891
1341846340.601909 -0.642080 -2.688181 1.256935
1341846340.634005 -0.639978 -2.693408 1.253331
1341846340.666028 -0.636699 -2.692637 1.257549
1341846340.701946 -0.630874 -2.692849 1.259425
1341846340.733954 -0.629177 -2.696055 1.257592
1341846340.770081 -0.629713 -2.697140 1.259196
1341846340.801980 -0.625824 -2.700630 1.261641
1341846340.833999 -0.622184 -2.704797 1.262107
1341846340.870013 -0.623049 -2.702654 1.263572
1341846340.901955 -0.619125 -2.701062 1.265902
1341846340.933918 -0.621509 -2.704753 1.267705
1341846340.970122 -0.621238 -2.711803 1.267859
1341846341.001922 -0.622862 -2.714205 1.271140
1341846341.037923 -0.620693 -2.716902 1.269360
1341846341.070300 -0.619889 -2.717643 1.269252
1341846341.102028 -0.625574 -2.720422 1.268540
1341846341.137982 -0.621196 -2.722168 1.270693
1341846341.170048 -0.620805 -2.722350 1.270734
1341846341.202110 -0.620231 -2.725244 1.273458
1341846341.237996 -0.619086 -2.726930 1.274325
1341846341.269883 -0.619775 -2.730135 1.273465
1341846341.306107 -0.624854 -2.732884 1.274562
1341846341.338109 -0.622980 -2.735350 1.276496
1341846341.370120 -0.623274 -2.735939 1.273587
1341846341.406074 -0.628537 -2.738449 1.275681
1341846341.438113 -0.627461 -2.737300 1.281402
1341846341.470024 -0.625632 -2.738973 1.277737
1341846341.506077 -0.628549 -2.742159 1.272564
1341846341.538156 -0.632461 -2.740360 1.275334
1341846341.574016 -0.627545 -2.742679 1.277132
1341846341.612466 -0.630743 -2.748099 1.274492
1341846341.643972 -0.632948 -2.749119 1.274254
1341846341.679982 -0.633817 -2.750139 1.276320
1341846341.712332 -0.636219 -2.752550 1.275652
1341846341.744185 -0.634455 -2.752925 1.275894
1341846341.780061 -0.635202 -2.757010 1.274137
1341846341.842595 -0.632208 -2.758858 1.283814
1341846341.906227 -0.631348 -2.763089 1.287543
1341846341.942069 -0.630783 -2.766203 1.292349
1341846341.974775 -0.628486 -2.769063 1.292888
1341846342.010161 -0.629140 -2.770489 1.293510
1341846342.042024 -0.625550 -2.772118 1.299643
1341846342.080032 -0.623747 -2.774445 1.294658
1341846342.112265 -0.629933 -2.774648 1.299272
1341846342.147954 -0.627496 -2.773436 1.304292
1341846342.179852 -0.624458 -2.777773 1.300768
1341846342.211848 -0.626945 -2.776087 1.298308
1341846342.247920 -0.626025 -2.776611 1.302858
1341846342.279870 -0.624602 -2.779134 1.303887
1341846342.316068 -0.625806 -2.780079 1.302910
1341846342.347894 -0.625112 -2.782130 1.301262
1341846342.379953 -0.624303 -2.780801 1.303536
1341846342.416195 -0.626931 -2.780314 1.302791