1341846313.654184 1341846314.658455 1341846313.657900 1341846314.662400 0.011253 0.006325
1341846313.686156 1341846314.694004 1341846313.687900 1341846314.697900 0.018861 0.012344
1341846313.721918 1341846314.725910 1341846313.718600 1341846314.727900 0.017904 0.007594
1341846313.753994 1341846314.761942 1341846313.757900 1341846314.757800 0.016166 0.006793
1341846313.789969 1341846314.794030 1341846313.787800 1341846314.797900 0.015936 0.009565
1341846313.822075 1341846314.826092 1341846313.817900 1341846314.827900 0.009477 0.002694
1341846313.853928 1341846314.862145 1341846313.857900 1341846314.858100 0.006563 0.002898
1341846313.890011 1341846314.894072 1341846313.887800 1341846314.897900 0.010073 0.008651
1341846313.922055 1341846314.925969 1341846313.917900 1341846314.927900 0.009633 0.008703
1341846313.957927 1341846314.961937 1341846313.961200 1341846314.957800 0.033236 0.010927
1341846313.990058 1341846314.994564 1341846313.987900 1341846314.997900 0.010164 0.003183
1341846314.022042 1341846315.029900 1341846314.017900 1341846315.027800 0.024009 0.007960
1341846314.057816 1341846315.061965 1341846314.058000 1341846315.058200 0.021710 0.004372
1341846314.089801 1341846315.094388 1341846314.087800 1341846315.097800 0.022270 0.004551
1341846314.122037 1341846315.129851 1341846314.118000 1341846315.127900 0.021165 0.003202
1341846314.157989 1341846315.161941 1341846314.157900 1341846315.157900 0.023164 0.012491
1341846314.190094 1341846315.197984 1341846314.187900 1341846315.197800 0.020921 0.007646
1341846314.225969 1341846315.230076 1341846314.230400 1341846315.227900 0.018798 0.010218
1341846314.257923 1341846315.262069 1341846314.257900 1341846315.258000 0.015383 0.009741
1341846314.290052 1341846315.298000 1341846314.287900 1341846315.297800 0.019599 0.007287
1341846314.325981 1341846315.329931 1341846314.327900 1341846315.327800 0.031479 0.009596
1341846314.357905 1341846315.361981 1341846314.360900 1341846315.357900 0.022443 0.002743
1341846314.389899 1341846315.397962 1341846314.388500 1341846315.397800 0.018726 0.009104
1341846314.427905 1341846315.429923 1341846314.427900 1341846315.430300 0.023412 0.006736
1341846314.493987 1341846315.497883 1341846314.497800 1341846315.499500 0.002391 0.008369
1341846314.526085 1341846315.530008 1341846314.527900 1341846315.527800 0.017003 0.007152
1341846314.558292 1341846315.566108 1341846314.557900 1341846315.567800 0.011340 0.003735
1341846314.594085 1341846315.597986 1341846314.597900 1341846315.598500 0.013758 0.005463
1341846314.626096 1341846315.630109 1341846314.627900 1341846315.628000 0.019105 0.005879
1341846314.658455 1341846315.666042 1341846314.662400 1341846315.667800 0.014192 0.005857
1341846314.694004 1341846315.698114 1341846314.697900 1341846315.697900 0.017543 0.003944
1341846314.725910 1341846315.733985 1341846314.727900 1341846315.737800 0.018544 0.009186
1341846314.761942 1341846315.766041 1341846314.757800 1341846315.768700 0.003906 0.004142
1341846314.794030 1341846315.798188 1341846314.797900 1341846315.797900 0.013199 0.003912
1341846314.826092 1341846315.834140 1341846314.827900 1341846315.837800 0.015125 0.003590
1341846314.862145 1341846315.866751 1341846314.858100 1341846315.867800 0.027217 0.005312
1341846314.894072 1341846315.898492 1341846314.897900 1341846315.897900 0.020064 0.005599
1341846314.925969 1341846315.936901 1341846314.927900 1341846315.937900 0.023960 0.006309
1341846314.961937 1341846315.966572 1341846314.957800 1341846315.967900 0.036036 0.011002
1341846314.994564 1341846315.966572 1341846314.997900 1341846315.967900 0.027703 0.011640
1341846315.029900 1341846316.034204 1341846315.027800 1341846316.037900 0.016338 0.007748
1341846315.061965 1341846316.066113 1341846315.058200 1341846316.067900 0.016556 0.006212
1341846315.094388 1341846316.101867 1341846315.097800 1341846316.097800 0.014868 0.010252
1341846315.129851 1341846316.134066 1341846315.127900 1341846316.137900 0.008889 0.009197
1341846315.161941 1341846316.134066 1341846315.157900 1341846316.137900 0.025169 0.009139
1341846315.197984 1341846316.202049 1341846315.197800 1341846316.197800 0.025961 0.008604
1341846315.230076 1341846316.233979 1341846315.227900 1341846316.237900 0.016541 0.005396
1341846315.262069 1341846316.270052 1341846315.258000 1341846316.267900 0.011513 0.011569
1341846315.298000 1341846316.301915 1341846315.297800 1341846316.297800 0.008028 0.006443
1341846315.329931 1341846316.334208 1341846315.327800 1341846316.338000 0.015271 0.005697
1341846315.361981 1341846316.370006 1341846315.357900 1341846316.367800 0.010793 0.006661
1341846315.397962 1341846316.401994 1341846315.397800 1341846316.397900 0.007836 0.007344
1341846315.429923 1341846316.438069 1341846315.430300 1341846316.438400 0.017805 0.005375
1341846315.466047 1341846316.470076 1341846315.467800 1341846316.467900 0.027236 0.010694
1341846315.497883 1341846316.502034 1341846315.499500 1341846316.497900 0.009638 0.010039
1341846315.530008 1341846316.537975 1341846315.527800 1341846316.537900 0.010274 0.004176
1341846315.566108 1341846316.570121 1341846315.567800 1341846316.567900 0.010685 0.003574
1341846315.597986 1341846316.601885 1341846315.598500 1341846316.597800 0.007960 0.003002
1341846315.630109 1341846316.638009 1341846315.628000 1341846316.637800 0.007620 0.005442
1341846315.666042 1341846316.669925 1341846315.667800 1341846316.667800 0.019695 0.004977
1341846315.698114 1341846316.705941 1341846315.697900 1341846316.707800 0.027841 0.013246
1341846315.733985 1341846316.738062 1341846315.737800 1341846316.737900 0.008234 0.002800
1341846315.766041 1341846316.770433 1341846315.768700 1341846316.767800 0.011656 0.007506
1341846315.798188 1341846316.805932 1341846315.797900 1341846316.807800 0.012545 0.006241
1341846315.834140 1341846316.838029 1341846315.837800 1341846316.837800 0.011189 0.007367
1341846315.866751 1341846316.870034 1341846315.867800 1341846316.867800 0.017605 0.004766
1341846315.898492 1341846316.906344 1341846315.897900 1341846316.907800 0.020578 0.005959
1341846315.936901 1341846316.937940 1341846315.937900 1341846316.937800 0.027329 0.009707
1341846315.966572 1341846316.973994 1341846315.967900 1341846316.977800 0.029476 0.011610
1341846316.034204 1341846317.037936 1341846316.037900 1341846317.038100 0.024708 0.008197
1341846316.066113 1341846317.073972 1341846316.067900 1341846317.077800 0.016266 0.006312
1341846316.101867 1341846317.106113 1341846316.097800 1341846317.107800 0.018369 0.008032
1341846316.134066 1341846317.137887 1341846316.137900 1341846317.137900 0.017926 0.006019
1341846316.202049 1341846317.205887 1341846316.197800 1341846317.207800 0.022175 0.007412
1341846316.233979 1341846317.248131 1341846316.237900 1341846317.249700 0.014900 0.006884
1341846316.270052 1341846317.248131 1341846316.267900 1341846317.249700 0.014975 0.005273
1341846316.301915 1341846317.306289 1341846316.297800 1341846317.307800 0.015415 0.007523
1341846316.334208 1341846317.348137 1341846316.338000 1341846317.349400 0.016143 0.010864
1341846316.370006 1341846317.348137 1341846316.367800 1341846317.349400 0.020337 0.014028
1341846316.401994 1341846317.410120 1341846316.397900 1341846317.407900 0.023999 0.007543
1341846316.438069 1341846317.442569 1341846316.438400 1341846317.437800 0.024458 0.004706
1341846316.470076 1341846317.474010 1341846316.467900 1341846317.479100 0.011486 0.003912
1341846316.502034 1341846317.509927 1341846316.497900 1341846317.507900 0.004376 0.005321
1341846316.537975 1341846317.542282 1341846316.537900 1341846317.537800 0.007534 0.002199
1341846316.570121 1341846317.573943 1341846316.567900 1341846317.567800 0.006928 0.002197
1341846316.601885 1341846317.610159 1341846316.597800 1341846317.607900 0.003926 0.003671
1341846316.638009 1341846317.643553 1341846316.637800 1341846317.647800 0.007210 0.003372
1341846316.669925 1341846317.677993 1341846316.667800 1341846317.681600 0.012645 0.002974
1341846316.705941 1341846317.709996 1341846316.707800 1341846317.707900 0.012505 0.007230
1341846316.738062 1341846317.741834 1341846316.737900 1341846317.737900 0.008558 0.006054
1341846316.770433 1341846317.777923 1341846316.767800 1341846317.777900 0.009654 0.003335
1341846316.805932 1341846317.810021 1341846316.807800 1341846317.807900 0.021063 0.006690
1341846316.838029 1341846317.841886 1341846316.837800 1341846317.842300 0.019703 0.004629
1341846316.870034 1341846317.878017 1341846316.867800 1341846317.877800 0.020485 0.004894
1341846316.906344 1341846317.909910 1341846316.907800 1341846317.907900 0.011641 0.005782
1341846316.937940 1341846317.946031 1341846316.937800 1341846317.947900 0.009695 0.003691
1341846316.973994 1341846317.978041 1341846316.977800 1341846317.977800 0.015584 0.005047
1341846317.005913 1341846318.009897 1341846317.007800 1341846318.009700 0.010806 0.004408
1341846317.037936 1341846318.045949 1341846317.038100 1341846318.047800 0.012092 0.004051
1341846317.073972 1341846318.078074 1341846317.077800 1341846318.077900 0.007469 0.005062
1341846317.106113 1341846318.109894 1341846317.107800 1341846318.107800 0.010724 0.005510
1341846317.137887 1341846318.145957 1341846317.137900 1341846318.147800 0.015428 0.004550
1341846317.173970 1341846318.178001 1341846317.178000 1341846318.178200 0.021749 0.008759
1341846317.205887 1341846318.214074 1341846317.207800 1341846318.217800 0.009430 0.004738
1341846317.248131 1341846318.245970 1341846317.249700 1341846318.247800 0.033705 0.005833
1341846317.306289 1341846318.313937 1341846317.307800 1341846318.317800 0.029557 0.013985
1341846317.348137 1341846318.345989 1341846317.349400 1341846318.347900 0.020904 0.018355
1341846317.410120 1341846318.414072 1341846317.407900 1341846318.417900 0.026649 0.021699
1341846317.442569 1341846318.446035 1341846317.437800 1341846318.447900 0.012924 0.014247
1341846317.474010 1341846318.482196 1341846317.479100 1341846318.477900 0.019753 0.012541
1341846317.509927 1341846318.514144 1341846317.507900 1341846318.518000 0.009893 0.006976
1341846317.542282 1341846318.546259 1341846317.537800 1341846318.548000 0.013573 0.005050
1341846317.573943 1341846318.582042 1341846317.567800 1341846318.577800 0.020243 0.013324
1341846317.610159 1341846318.614115 1341846317.607900 1341846318.617800 0.020186 0.011784
1341846317.643553 1341846318.650038 1341846317.647800 1341846318.647800 0.020834 0.005630
1341846317.677993 1341846318.682350 1341846317.681600 1341846318.677800 0.028677 0.003991
1341846317.709996 1341846318.714063 1341846317.707900 1341846318.717900 0.033187 0.004828
1341846317.741834 1341846318.749905 1341846317.737900 1341846318.747800 0.037844 0.006963
1341846317.777923 1341846318.782036 1341846317.777900 1341846318.778000 0.045326 0.006099
1341846317.810021 1341846318.814121 1341846317.807900 1341846318.817800 0.055042 0.009918
1341846317.841886 1341846318.850072 1341846317.842300 1341846318.847800 0.049157 0.009288
1341846317.878017 1341846318.883516 1341846317.877800 1341846318.887800 0.070429 0.013786
1341846317.909910 1341846318.918047 1341846317.907900 1341846318.917800 0.055702 0.007387
1341846317.946031 1341846318.950044 1341846317.947900 1341846318.947900 0.047665 0.006123
1341846317.978041 1341846318.982028 1341846317.977800 1341846318.978200 0.051188 0.009654
1341846318.009897 1341846319.018123 1341846318.009700 1341846319.017900 0.045162 0.013518
1341846318.045949 1341846319.050745 1341846318.047800 1341846319.050700 0.022481 0.016274
1341846318.078074 1341846319.081905 1341846318.077900 1341846319.077800 0.035231 0.011269
1341846318.109894 1341846319.117976 1341846318.107800 1341846319.117900 0.051265 0.010471
1341846318.145957 1341846319.150093 1341846318.147800 1341846319.147800 0.040121 0.007467
1341846318.178001 1341846319.186069 1341846318.178200 1341846319.187800 0.036605 0.006609
1341846318.214074 1341846319.218149 1341846318.217800 1341846319.218500 0.043465 0.011170
1341846318.245970 1341846319.250034 1341846318.247800 1341846319.247900 0.025811 0.013709
1341846318.278018 1341846319.286594 1341846318.277800 1341846319.287800 0.011856 0.004777
1341846318.313937 1341846319.318034 1341846318.317800 1341846319.318100 0.016978 0.007784
1341846318.345989 1341846319.350268 1341846318.347900 1341846319.347800 0.025844 0.006793
1341846318.382046 1341846319.386163 1341846318.377900 1341846319.387800 0.031964 0.009720
1341846318.414072 1341846319.418386 1341846318.417900 1341846319.417800 0.035240 0.014312
1341846318.446035 1341846319.453961 1341846318.447900 1341846319.457700 0.012773 0.004535
1341846318.482196 1341846319.486271 1341846318.477900 1341846319.488000 0.018028 0.004681
1341846318.514144 1341846319.486271 1341846318.518000 1341846319.488000 0.022980 0.006820
1341846318.546259 1341846319.554083 1341846318.548000 1341846319.557800 0.015152 0.006789
1341846318.582042 1341846319.586296 1341846318.577800 1341846319.588100 0.007211 0.003759
1341846318.614115 1341846319.622031 1341846318.617800 1341846319.617800 0.018974 0.007825
1341846318.650038 1341846319.653962 1341846318.647800 1341846319.657800 0.016376 0.008498
1341846318.682350 1341846319.686352 1341846318.677800 1341846319.687800 0.012652 0.005645
1341846318.714063 1341846319.721992 1341846318.717900 1341846319.717800 0.013975 0.005203
1341846318.749905 1341846319.754063 1341846318.747800 1341846319.757800 0.024088 0.001747
1341846318.782036 1341846319.786397 1341846318.778000 1341846319.787800 0.019332 0.005405
1341846318.814121 1341846319.822008 1341846318.817800 1341846319.817900 0.019223 0.005852
1341846318.850072 1341846319.853917 1341846318.847800 1341846319.857800 0.022650 0.002870
1341846318.883516 1341846319.889942 1341846318.887800 1341846319.887800 0.012683 0.006645
1341846318.918047 1341846319.922039 1341846318.917800 1341846319.917800 0.006316 0.006513
1341846318.950044 1341846319.953946 1341846318.947900 1341846319.957800 0.012369 0.007378
1341846318.982028 1341846319.990054 1341846318.978200 1341846319.987700 0.009200 0.001499
1341846319.018123 1341846320.028122 1341846319.017900 1341846320.027800 0.012432 0.008877
1341846319.050745 1341846320.028122 1341846319.050700 1341846320.027800 0.021615 0.011775
1341846319.081905 1341846320.090047 1341846319.077800 1341846320.087900 0.022001 0.010203
1341846319.117976 1341846320.122011 1341846319.117900 1341846320.117900 0.030162 0.011067
1341846319.150093 1341846320.157952 1341846319.147800 1341846320.157800 0.018253 0.008511
1341846319.186069 1341846320.190003 1341846319.187800 1341846320.187800 0.016981 0.009436
1341846319.218149 1341846320.221941 1341846319.218500 1341846320.217800 0.029752 0.007695
1341846319.250034 1341846320.258015 1341846319.247900 1341846320.257800 0.022495 0.013542
1341846319.286594 1341846320.289887 1341846319.287800 1341846320.287800 0.020388 0.008959
1341846319.318034 1341846320.321954 1341846319.318100 1341846320.317800 0.009358 0.006479
1341846319.350268 1341846320.357890 1341846319.347800 1341846320.357900 0.014663 0.005104
1341846319.386163 1341846320.390064 1341846319.387800 1341846320.387800 0.041910 0.009295
1341846319.418386 1341846320.426544 1341846319.417800 1341846320.427800 0.037858 0.009164
1341846319.453961 1341846320.458122 1341846319.457700 1341846320.458700 0.026307 0.001752
1341846319.486271 1341846320.490186 1341846319.488000 1341846320.487800 0.036917 0.003869
1341846319.554083 1341846320.558091 1341846319.557800 1341846320.557800 0.025516 0.016088
1341846319.586296 1341846320.594093 1341846319.588100 1341846320.597900 0.051098 0.013026
1341846319.622031 1341846320.631955 1341846319.617800 1341846320.630100 0.030730 0.015314
1341846319.653962 1341846320.664916 1341846319.657800 1341846320.667800 0.023572 0.010575
1341846319.686352 1341846320.699927 1341846319.687800 1341846320.697800 0.019235 0.009937
1341846319.721992 1341846320.731822 1341846319.717800 1341846320.727800 0.020934 0.008346
1341846319.754063 1341846320.763877 1341846319.757800 1341846320.767900 0.024073 0.012810
1341846319.786397 1341846320.799999 1341846319.787800 1341846320.797800 0.021944 0.006643
1341846319.822008 1341846320.831871 1341846319.817900 1341846320.827800 0.067175 0.014632
1341846319.853917 1341846320.863887 1341846319.857800 1341846320.867800 0.019870 0.006816
1341846319.889942 1341846320.900014 1341846319.887800 1341846320.898000 0.030348 0.004014
1341846319.922039 1341846320.931889 1341846319.917800 1341846320.930700 0.047421 0.014411
1341846319.953946 1341846320.967866 1341846319.957800 1341846320.970500 0.028356 0.012074
1341846319.990054 1341846321.000017 1341846319.987700 1341846320.997900 0.026212 0.006919
1341846320.028122 1341846321.031860 1341846320.027800 1341846321.027800 0.036451 0.015188
1341846320.090047 1341846321.099840 1341846320.087900 1341846321.097900 0.004980 0.003383
1341846320.122011 1341846321.131821 1341846320.117900 1341846321.127800 0.013474 0.004452
1341846320.157952 1341846321.167887 1341846320.157800 1341846321.167800 0.017287 0.005394
1341846320.190003 1341846321.200042 1341846320.187800 1341846321.197800 0.006998 0.004031
1341846320.221941 1341846321.231950 1341846320.217800 1341846321.227800 0.006565 0.001875
1341846320.258015 1341846321.267939 1341846320.257800 1341846321.267900 0.026760 0.005289
1341846320.289887 1341846321.299948 1341846320.287800 1341846321.297900 0.024308 0.009010
1341846320.321954 1341846321.331858 1341846320.317800 1341846321.327800 0.013867 0.004976
1341846320.357890 1341846321.367913 1341846320.357900 1341846321.367900 0.022775 0.003225
1341846320.390064 1341846321.399897 1341846320.387800 1341846321.397900 0.015358 0.004578
1341846320.426544 1341846321.435994 1341846320.427800 1341846321.438000 0.019846 0.012677
1341846320.458122 1341846321.467946 1341846320.458700 1341846321.472600 0.024118 0.010465
1341846320.490186 1341846321.499882 1341846320.487800 1341846321.497900 0.039594 0.008689
1341846320.525911 1341846321.536109 1341846320.527800 1341846321.537800 0.050649 0.007533
1341846320.558091 1341846321.568960 1341846320.557800 1341846321.568700 0.033658 0.011764
1341846320.594093 1341846321.603938 1341846320.597900 1341846321.608400 0.043644 0.004102
1341846320.631955 1341846321.637163 1341846320.630100 1341846321.638400 0.043620 0.012223
1341846320.664916 1341846321.668306 1341846320.667800 1341846321.667800 0.032007 0.006407
1341846320.699927 1341846321.704411 1341846320.697800 1341846321.707800 0.003082 0.007383
1341846320.731822 1341846321.736861 1341846320.727800 1341846321.737800 0.023777 0.002340
1341846320.763877 1341846321.771881 1341846320.767900 1341846321.768000 0.009753 0.020008
1341846320.799999 1341846321.804114 1341846320.797800 1341846321.807800 0.017018 0.010084
1341846320.831871 1341846321.836152 1341846320.827800 1341846321.840100 0.045080 0.004380
1341846320.863887 1341846321.871882 1341846320.867800 1341846321.867800 0.021493 0.008434
1341846320.900014 1341846321.904074 1341846320.898000 1341846321.907900 0.021883 0.011945
1341846320.931889 1341846321.939847 1341846320.930700 1341846321.938200 0.006210 0.003797
1341846320.967866 1341846321.939847 1341846320.970500 1341846321.938200 0.013393 0.009608
1341846321.000017 1341846322.004094 1341846320.997900 1341846322.007800 0.004325 0.008212
1341846321.031860 1341846322.004094 1341846321.027800 1341846322.007800 0.014981 0.006416
1341846321.068047 1341846322.066178 1341846321.068500 1341846322.067800 0.018275 0.005122
1341846321.099840 1341846322.107979 1341846321.097900 1341846322.109600 0.029079 0.005571
1341846321.131821 1341846322.107979 1341846321.127800 1341846322.109600 0.013892 0.003729
1341846321.167887 1341846322.166164 1341846321.167800 1341846322.167800 0.015828 0.000610
1341846321.200042 1341846322.202932 1341846321.197800 1341846322.207800 0.020222 0.002509
1341846321.231950 1341846322.234093 1341846321.227800 1341846322.237800 0.019177 0.005574
1341846321.267939 1341846322.265941 1341846321.267900 1341846322.268000 0.037213 0.001841
1341846321.299948 1341846322.301996 1341846321.297900 1341846322.298100 0.026519 0.004119
1341846321.331858 1341846322.333949 1341846321.327800 1341846322.337900 0.025020 0.000683
1341846321.367913 1341846322.369871 1341846321.367900 1341846322.367800 0.029121 0.004565
1341846321.399897 1341846322.402292 1341846321.397900 1341846322.397800 0.025298 0.004086
1341846321.435994 1341846322.433955 1341846321.438000 1341846322.437800 0.030708 0.006625
1341846321.467946 1341846322.470030 1341846321.472600 1341846322.467900 0.025845 0.007801
1341846321.499882 1341846322.502433 1341846321.497900 1341846322.499000 0.031196 0.004174
1341846321.536109 1341846322.534002 1341846321.537800 1341846322.537800 0.045547 0.016059
1341846321.568960 1341846322.570196 1341846321.568700 1341846322.567800 0.034457 0.010720
1341846321.603938 1341846322.601920 1341846321.608400 1341846322.597800 0.037108 0.007500
1341846321.637163 1341846322.638119 1341846321.638400 1341846322.637900 0.059219 0.016264
1341846321.668306 1341846322.669947 1341846321.667800 1341846322.668300 0.030846 0.006103
1341846321.704411 1341846322.702026 1341846321.707800 1341846322.697800 0.035251 0.014768
1341846321.736861 1341846322.738006 1341846321.737800 1341846322.737800 0.018338 0.004019
1341846321.771881 1341846322.770087 1341846321.768000 1341846322.767800 0.028863 0.004903
1341846321.804114 1341846322.806047 1341846321.807800 1341846322.807900 0.031425 0.007313
1341846321.836152 1341846322.838063 1341846321.840100 1341846322.837900 0.031768 0.008693
1341846321.871882 1341846322.870081 1341846321.867800 1341846322.867800 0.042150 0.005804
1341846321.904074 1341846322.906018 1341846321.907900 1341846322.907800 0.026747 0.014150
1341846321.939847 1341846322.938349 1341846321.938200 1341846322.937800 0.004964 0.004950
1341846322.004094 1341846323.011820 1341846322.007800 1341846323.010700 0.014084 0.007810
1341846322.066178 1341846323.073951 1341846322.067800 1341846323.077800 0.009413 0.006201
1341846322.107979 1341846323.105962 1341846322.109600 1341846323.107900 0.006596 0.006373
1341846322.166164 1341846323.174092 1341846322.167800 1341846323.177800 0.011235 0.005870
1341846322.202932 1341846323.206059 1341846322.207800 1341846323.207900 0.012456 0.000960
1341846322.234093 1341846323.238053 1341846322.237800 1341846323.237900 0.015977 0.004764
1341846322.265941 1341846323.273997 1341846322.268000 1341846323.277800 0.008514 0.010139
1341846322.301996 1341846323.305946 1341846322.298100 1341846323.307900 0.007720 0.002980
1341846322.333949 1341846323.342027 1341846322.337900 1341846323.338600 0.030131 0.007364
1341846322.369871 1341846323.374048 1341846322.367800 1341846323.377800 0.008815 0.005279
1341846322.402292 1341846323.405987 1341846322.397800 1341846323.407800 0.025855 0.006858
1341846322.433955 1341846323.441956 1341846322.437800 1341846323.437800 0.018528 0.006001
1341846322.470030 1341846323.473878 1341846322.467900 1341846323.477700 0.017832 0.007534
1341846322.502433 1341846323.506129 1341846322.499000 1341846323.508000 0.023444 0.003451
1341846322.534002 1341846323.541972 1341846322.537800 1341846323.537900 0.017443 0.004125
1341846322.570196 1341846323.573913 1341846322.567800 1341846323.578000 0.037172 0.007872
1341846322.601920 1341846323.609927 1341846322.597800 1341846323.608000 0.026568 0.005387
1341846322.638119 1341846323.642014 1341846322.637900 1341846323.637800 0.016853 0.011897
1341846322.669947 1341846323.674081 1341846322.668300 1341846323.677800 0.019091 0.004765
1341846322.702026 1341846323.710069 1341846322.697800 1341846323.707900 0.007772 0.008693
1341846322.738006 1341846323.742111 1341846322.737800 1341846323.737800 0.022945 0.006319
1341846322.770087 1341846323.774928 1341846322.767800 1341846323.777800 0.015060 0.008750
1341846322.806047 1341846323.810012 1341846322.807900 1341846323.807800 0.019207 0.007072
1341846322.838063 1341846323.842207 1341846322.837900 1341846323.837800 0.020683 0.005557
1341846322.870081 1341846323.878019 1341846322.867800 1341846323.877800 0.010523 0.002641
1341846322.906018 1341846323.909826 1341846322.907800 1341846323.907800 0.019934 0.004761
1341846322.938349 1341846323.942459 1341846322.937800 1341846323.937800 0.032170 0.007826
1341846322.970069 1341846323.978055 1341846322.968300 1341846323.978800 0.032053 0.010318
1341846323.011820 1341846324.015934 1341846323.010700 1341846324.017800 0.022110 0.006415
1341846323.073951 1341846324.083904 1341846323.077800 1341846324.087800 0.015375 0.006378
1341846323.105962 1341846324.115968 1341846323.107900 1341846324.117900 0.011323 0.002594
1341846323.138158 1341846324.151967 1341846323.137800 1341846324.147800 0.014079 0.001312
1341846323.174092 1341846324.183941 1341846323.177800 1341846324.187700 0.011141 0.004611
1341846323.206059 1341846324.219984 1341846323.207900 1341846324.217700 0.008809 0.003036
1341846323.238053 1341846324.251968 1341846323.237900 1341846324.247700 0.019986 0.005083
1341846323.273997 1341846324.284052 1341846323.277800 1341846324.287700 0.018816 0.010206
1341846323.305946 1341846324.319880 1341846323.307900 1341846324.317800 0.006264 0.004441
1341846323.342027 1341846324.351917 1341846323.338600 1341846324.347800 0.026917 0.004755
1341846323.374048 1341846324.388001 1341846323.377800 1341846324.387800 0.017205 0.003780
1341846323.405987 1341846324.419908 1341846323.407800 1341846324.417800 0.035032 0.011982
1341846323.441956 1341846324.452027 1341846323.437800 1341846324.448100 0.020979 0.006660
1341846323.473878 1341846324.487928 1341846323.477700 1341846324.487800 0.015408 0.005540
1341846323.506129 1341846324.519985 1341846323.508000 1341846324.517800 0.012986 0.003853
1341846323.541972 1341846324.556001 1341846323.537900 1341846324.557800 0.015930 0.004295
1341846323.573913 1341846324.587888 1341846323.578000 1341846324.587800 0.033409 0.007241
1341846323.609927 1341846324.620086 1341846323.608000 1341846324.618400 0.014553 0.003682
1341846323.642014 1341846324.655955 1341846323.637800 1341846324.657800 0.017029 0.003298
1341846323.674081 1341846324.688082 1341846323.677800 1341846324.687800 0.014622 0.005163
1341846323.710069 1341846324.688082 1341846323.707900 1341846324.687800 0.016328 0.006309
1341846323.742111 1341846324.755922 1341846323.737800 1341846324.757800 0.040391 0.004015
1341846323.774928 1341846324.755922 1341846323.777800 1341846324.757800 0.031861 0.004943
1341846323.810012 1341846324.814016 1341846323.807800 1341846324.817800 0.044873 0.006634
1341846323.842207 1341846324.849979 1341846323.837800 1341846324.847800 0.033801 0.005610
1341846323.878019 1341846324.881924 1341846323.877800 1341846324.877900 0.029781 0.002086
1341846323.909826 1341846324.913902 1341846323.907800 1341846324.917800 0.034349 0.003414
1341846323.942459 1341846324.949999 1341846323.937800 1341846324.947800 0.018960 0.003566
1341846323.978055 1341846324.981922 1341846323.978800 1341846324.977700 0.021162 0.007586
1341846324.015934 1341846325.018013 1341846324.017800 1341846325.017800 0.024435 0.004099
1341846324.047722 1341846325.050079 1341846324.047800 1341846325.047800 0.031879 0.003221
1341846324.083904 1341846325.081901 1341846324.087800 1341846325.077800 0.031228 0.004159
1341846324.115968 1341846325.118531 1341846324.117900 1341846325.124100 0.025661 0.004837
1341846324.151967 1341846325.149933 1341846324.147800 1341846325.147800 0.020934 0.004734
1341846324.183941 1341846325.181925 1341846324.187700 1341846325.177800 0.009917 0.009097
1341846324.219984 1341846325.218055 1341846324.217700 1341846325.217800 0.018427 0.005278
1341846324.251968 1341846325.249811 1341846324.247700 1341846325.247800 0.019567 0.003206
1341846324.284052 1341846325.285925 1341846324.287700 1341846325.287800 0.019047 0.004894
1341846324.319880 1341846325.317988 1341846324.317800 1341846325.318800 0.021505 0.007827
1341846324.351917 1341846325.349844 1341846324.347800 1341846325.347800 0.022842 0.005628
1341846324.388001 1341846325.387302 1341846324.387800 1341846325.387800 0.012383 0.005390
1341846324.419908 1341846325.417931 1341846324.417800 1341846325.417800 0.036177 0.011510
1341846324.452027 1341846325.450747 1341846324.448100 1341846325.447900 0.031770 0.006098
1341846324.487928 1341846325.485954 1341846324.487800 1341846325.487800 0.009867 0.005752
1341846324.519985 1341846325.517875 1341846324.517800 1341846325.518000 0.017967 0.006702
1341846324.556001 1341846325.553859 1341846324.557800 1341846325.557800 0.015161 0.009670
1341846324.587888 1341846325.585855 1341846324.587800 1341846325.587800 0.011030 0.005954
1341846324.620086 1341846325.617990 1341846324.618400 1341846325.617800 0.022801 0.005834
1341846324.655955 1341846325.653982 1341846324.657800 1341846325.657700 0.021577 0.005454
1341846324.688082 1341846325.685819 1341846324.687800 1341846325.687800 0.015957 0.006252
1341846324.755922 1341846325.754083 1341846324.757800 1341846325.757700 0.032113 0.009946
1341846324.814016 1341846325.821856 1341846324.817800 1341846325.817800 0.026606 0.007386
1341846324.849979 1341846325.853827 1341846324.847800 1341846325.847800 0.014118 0.009709
1341846324.881924 1341846325.885958 1341846324.877900 1341846325.887800 0.005783 0.001477
1341846324.913902 1341846325.921984 1341846324.917800 1341846325.917800 0.022584 0.001745
1341846324.949999 1341846325.953899 1341846324.947800 1341846325.957800 0.019243 0.003468
1341846324.981922 1341846325.985823 1341846324.977700 1341846325.987800 0.024652 0.005306
1341846325.018013 1341846326.021991 1341846325.017800 1341846326.017900 0.010784 0.006302
1341846325.050079 1341846326.054055 1341846325.047800 1341846326.057800 0.025482 0.003947
1341846325.081901 1341846326.089984 1341846325.077800 1341846326.087800 0.018402 0.004148
1341846325.118531 1341846326.121822 1341846325.124100 1341846326.117800 0.010120 0.006823
1341846325.149933 1341846326.154079 1341846325.147800 1341846326.157700 0.014122 0.005988
1341846325.181925 1341846326.190178 1341846325.177800 1341846326.188100 0.009124 0.002184
1341846325.218055 1341846326.222162 1341846325.217800 1341846326.217800 0.023668 0.002955
1341846325.249811 1341846326.259181 1341846325.247800 1341846326.257700 0.015808 0.004174
1341846325.285925 1341846326.259181 1341846325.287800 1341846326.257700 0.017854 0.005073
1341846325.317988 1341846326.322766 1341846325.318800 1341846326.317900 0.029282 0.005838
1341846325.349844 1341846326.359773 1341846325.347800 1341846326.357800 0.026786 0.007881
1341846325.387302 1341846326.392109 1341846325.387800 1341846326.387800 0.011347 0.005116
1341846325.417931 1341846326.423985 1341846325.417800 1341846326.418100 0.027506 0.008801
1341846325.450747 1341846326.459869 1341846325.447900 1341846326.457900 0.039048 0.006659
1341846325.485954 1341846326.459869 1341846325.487800 1341846326.457900 0.019361 0.008144
1341846325.517875 1341846326.526163 1341846325.518000 1341846326.527800 0.020279 0.010287
1341846325.553859 1341846326.560211 1341846325.557800 1341846326.557800 0.022432 0.014069
1341846325.585855 1341846326.591828 1341846325.587800 1341846326.587800 0.013814 0.002159
1341846325.617990 1341846326.627027 1341846325.617800 1341846326.627700 0.016921 0.003436
1341846325.653982 1341846326.658442 1341846325.657700 1341846326.657800 0.030746 0.008014
1341846325.685819 1341846326.694856 1341846325.687800 1341846326.697900 0.031837 0.014481
1341846325.717857 1341846326.726206 1341846325.717800 1341846326.727800 0.028135 0.010902
1341846325.754083 1341846326.762753 1341846325.757700 1341846326.758000 0.040560 0.011775
1341846325.786087 1341846326.762753 1341846325.788200 1341846326.758000 0.038974 0.010428
1341846325.821856 1341846326.826821 1341846325.817800 1341846326.827800 0.027530 0.014164
1341846325.853827 1341846326.858887 1341846325.847800 1341846326.857700 0.024508 0.014722
1341846325.885958 1341846326.895360 1341846325.887800 1341846326.897800 0.015298 0.006761
1341846325.921984 1341846326.926897 1341846325.917800 1341846326.927700 0.022531 0.007223
1341846325.953899 1341846326.958888 1341846325.957800 1341846326.958000 0.023276 0.008602
1341846325.985823 1341846326.994594 1341846325.987800 1341846326.997800 0.017267 0.006472
1341846326.021991 1341846327.026301 1341846326.017900 1341846327.027700 0.025020 0.009568
1341846326.054055 1341846327.063945 1341846326.057800 1341846327.067800 0.067626 0.017914
1341846326.089984 1341846327.094662 1341846326.087800 1341846327.097800 0.016069 0.005819
1341846326.121822 1341846327.128901 1341846326.117800 1341846327.128800 0.017565 0.005845
1341846326.154079 1341846327.161940 1341846326.157700 1341846327.163100 0.026418 0.008558
1341846326.190178 1341846327.193867 1341846326.188100 1341846327.197700 0.079161 0.026827
1341846326.222162 1341846327.229885 1341846326.217800 1341846327.227800 0.056261 0.017826
1341846326.259181 1341846327.262014 1341846326.257700 1341846327.257700 0.037958 0.024375
1341846326.322766 1341846327.330015 1341846326.317900 1341846327.327800 0.109359 0.037512
1341846326.359773 1341846327.361939 1341846326.357800 1341846327.357800 0.134668 0.041684
1341846326.392109 1341846327.393887 1341846326.387800 1341846327.399800 0.199244 0.063668
1341846326.423985 1341846327.429966 1341846326.418100 1341846327.427800 0.236451 0.077987
1341846326.459869 1341846327.461965 1341846326.457900 1341846327.457700 0.265886 0.092156
1341846326.526163 1341846327.530068 1341846326.527800 1341846327.527700 0.309390 0.113205
1341846326.560211 1341846327.561895 1341846326.557800 1341846327.557700 0.336653 0.122843
1341846326.591828 1341846327.598010 1341846326.587800 1341846327.597700 0.378475 0.137192
1341846326.627027 1341846327.629945 1341846326.627700 1341846327.627800 0.400786 0.144665
1341846326.658442 1341846327.662003 1341846326.657800 1341846327.662300 0.419720 0.148404
1341846326.694856 1341846327.697919 1341846326.697900 1341846327.697800 0.452159 0.146980
1341846326.726206 1341846327.730075 1341846326.727800 1341846327.727800 0.180056 0.050055
1341846326.762753 1341846327.766017 1341846326.758000 1341846327.767700 0.197535 0.052663
1341846326.826821 1341846327.830054 1341846326.827800 1341846327.827700 0.190067 0.058594
1341846326.858887 1341846327.865944 1341846326.857700 1341846327.867700 0.191423 0.065213
1341846326.895360 1341846327.898010 1341846326.897800 1341846327.897900 0.174609 0.072359
1341846326.926897 1341846327.929991 1341846326.927700 1341846327.927700 0.176259 0.065831
1341846326.958888 1341846327.966065 1341846326.958000 1341846327.967800 0.180917 0.070164
1341846326.994594 1341846327.998073 1341846326.997800 1341846327.997800 0.180049 0.071550
1341846327.026301 1341846328.034045 1341846327.027700 1341846328.037700 0.180543 0.071220
1341846327.063945 1341846328.065993 1341846327.067800 1341846328.068000 0.147397 0.061684
1341846327.094662 1341846328.098045 1341846327.097800 1341846328.097700 0.108776 0.073960
1341846327.128901 1341846328.133967 1341846327.128800 1341846328.137700 0.107248 0.033764
1341846327.161940 1341846328.166023 1341846327.163100 1341846328.167800 0.108861 0.048652
1341846327.193867 1341846328.198018 1341846327.197700 1341846328.197800 0.080294 0.030548
1341846327.229885 1341846328.234044 1341846327.227800 1341846328.237700 0.158742 0.067733
1341846327.262014 1341846328.265899 1341846327.257700 1341846328.267800 0.110233 0.039213
1341846327.294023 1341846328.302051 1341846327.297800 1341846328.297800 0.102068 0.028798
1341846327.330015 1341846328.333917 1341846327.327800 1341846328.337800 0.093324 0.045875
1341846327.361939 1341846328.366008 1341846327.357800 1341846328.367800 0.122063 0.035556
1341846327.393887 1341846328.402010 1341846327.399800 1341846328.397800 0.117600 0.031855
1341846327.429966 1341846328.433920 1341846327.427800 1341846328.437800 0.177527 0.058162
1341846327.461965 1341846328.470003 1341846327.457700 1341846328.467800 0.205687 0.070571
1341846327.497931 1341846328.502194 1341846327.498300 1341846328.497700 0.207896 0.076539
1341846327.530068 1341846328.534033 1341846327.527700 1341846328.527800 0.259908 0.095816
1341846327.561895 1341846328.570125 1341846327.557700 1341846328.567900 0.247682 0.091932
1341846327.598010 1341846328.602804 1341846327.597700 1341846328.607800 0.318895 0.116978
1341846327.629945 1341846328.602804 1341846327.627800 1341846328.607800 0.337007 0.123450
1341846327.662003 1341846328.672663 1341846327.662300 1341846328.667800 0.359629 0.132511
1341846327.697919 1341846328.702975 1341846327.697800 1341846328.697800 0.379755 0.125280
1341846327.730075 1341846328.702975 1341846327.727800 1341846328.697800 0.112031 0.025488
1341846327.766017 1341846328.770129 1341846327.767700 1341846328.768300 0.134839 0.037230
1341846327.797917 1341846328.802331 1341846327.797900 1341846328.797800 0.148539 0.043484
1341846327.830054 1341846328.838051 1341846327.827700 1341846328.837800 0.168619 0.052769
1341846327.865944 1341846328.869939 1341846327.867700 1341846328.867700 0.173511 0.058129
1341846327.898010 1341846328.904486 1341846327.897900 1341846328.907700 0.167396 0.069031
1341846327.929991 1341846328.939814 1341846327.927700 1341846328.937800 0.183041 0.068135
1341846327.966065 1341846328.970217 1341846327.967800 1341846328.967800 0.171333 0.064719
1341846327.998073 1341846329.006232 1341846327.997800 1341846329.008200 0.182128 0.068076
1341846328.034045 1341846329.038243 1341846328.037700 1341846329.037800 0.164810 0.062374
1341846328.065993 1341846329.038243 1341846328.068000 1341846329.037800 0.168626 0.064094
1341846328.098045 1341846329.106125 1341846328.097700 1341846329.107800 0.070063 0.082840
1341846328.133967 1341846329.138340 1341846328.137700 1341846329.138200 0.078679 0.031395
1341846328.166023 1341846329.169991 1341846328.167800 1341846329.167700 0.086125 0.038747
1341846328.198018 1341846329.208656 1341846328.197800 1341846329.207700 0.095568 0.039232
1341846328.234044 1341846329.238169 1341846328.237700 1341846329.237700 0.108953 0.047303
1341846328.265899 1341846329.273827 1341846328.267800 1341846329.277700 0.095744 0.034584
1341846328.302051 1341846329.306052 1341846328.297800 1341846329.307800 0.114802 0.040637
1341846328.333917 1341846329.338104 1341846328.337800 1341846329.337800 0.120174 0.056488
1341846328.366008 1341846329.373907 1341846328.367800 1341846329.377800 0.093903 0.040876
1341846328.402010 1341846329.405985 1341846328.397800 1341846329.407700 0.114948 0.047598
1341846328.433920 1341846329.442057 1341846328.437800 1341846329.437800 0.084103 0.039401
1341846328.470003 1341846329.473950 1341846328.467800 1341846329.477800 0.084567 0.035008
1341846328.502194 1341846329.506147 1341846328.497700 1341846329.510500 0.094243 0.035309
1341846328.534033 1341846329.542121 1341846328.527800 1341846329.537700 0.033096 0.013426
1341846328.570125 1341846329.574086 1341846328.567900 1341846329.578000 0.057643 0.020459
1341846328.602804 1341846329.606387 1341846328.607800 1341846329.607800 0.070757 0.034972
1341846328.672663 1341846329.681570 1341846328.667800 1341846329.678300 0.039138 0.017662
1341846328.702975 1341846329.681570 1341846328.697800 1341846329.678300 0.046220 0.015557
1341846328.770129 1341846329.748113 1341846328.768300 1341846329.747700 0.054961 0.019855
1341846328.802331 1341846329.810175 1341846328.797800 1341846329.807800 0.039482 0.012612
1341846328.838051 1341846329.842255 1341846328.837800 1341846329.837700 0.011850 0.003745
1341846328.869939 1341846329.874044 1341846328.867700 1341846329.879300 0.015035 0.003471
1341846328.904486 1341846329.910073 1341846328.907700 1341846329.907800 0.015912 0.006443
1341846328.939814 1341846329.942009 1341846328.937800 1341846329.937700 0.017815 0.007135
1341846328.970217 1341846329.978087 1341846328.967800 1341846329.977800 0.029532 0.007443
1341846329.006232 1341846330.016305 1341846329.008200 1341846330.017700 0.019981 0.005194
1341846329.038243 1341846330.048192 1341846329.037800 1341846330.047800 0.062716 0.029485
1341846329.106125 1341846330.115886 1341846329.107800 1341846330.117800 0.032340 0.013621
1341846329.138340 1341846330.147839 1341846329.138200 1341846330.147800 0.046221 0.021582
1341846329.169991 1341846330.181257 1341846329.167700 1341846330.177700 0.048990 0.021024
1341846329.208656 1341846330.215852 1341846329.207700 1341846330.217800 0.026166 0.012908
1341846329.238169 1341846330.247833 1341846329.237700 1341846330.247900 0.015538 0.010361
1341846329.273827 1341846330.283913 1341846329.277700 1341846330.287800 0.023121 0.014354
1341846329.306052 1341846330.316011 1341846329.307800 1341846330.317800 0.019699 0.003550
1341846329.338104 1341846330.347868 1341846329.337800 1341846330.347800 0.022067 0.007501
1341846329.373907 1341846330.383835 1341846329.377800 1341846330.377800 0.017074 0.008035
1341846329.405985 1341846330.415934 1341846329.407700 1341846330.417700 0.042105 0.018273
1341846329.442057 1341846330.452561 1341846329.437800 1341846330.447800 0.027046 0.013947
1341846329.473950 1341846330.483903 1341846329.477800 1341846330.487800 0.034050 0.011329
1341846329.506147 1341846330.515970 1341846329.510500 1341846330.521700 0.063736 0.022758
1341846329.542121 1341846330.552099 1341846329.537700 1341846330.548000 0.024613 0.011626
1341846329.574086 1341846330.583876 1341846329.578000 1341846330.577700 0.011184 0.002774
1341846329.606387 1341846330.619992 1341846329.607800 1341846330.617800 0.020772 0.006802
1341846329.641955 1341846330.652136 1341846329.637800 1341846330.647800 0.024953 0.014481
1341846329.681570 1341846330.683796 1341846329.678300 1341846330.677700 0.024480 0.010748
1341846329.748113 1341846330.752103 1341846329.747700 1341846330.747900 0.058418 0.023621
1341846329.810175 1341846330.819823 1341846329.807800 1341846330.817800 0.019188 0.004030
1341846329.842255 1341846330.852208 1341846329.837700 1341846330.847800 0.043385 0.014437
1341846329.874044 1341846330.852208 1341846329.879300 1341846330.847800 0.025258 0.008829
1341846329.910073 1341846330.914111 1341846329.907800 1341846330.917800 0.038995 0.011807
1341846329.942009 1341846330.949903 1341846329.937700 1341846330.947800 0.058083 0.019721
1341846329.978087 1341846330.981986 1341846329.977800 1341846330.977800 0.025962 0.004965
1341846330.016305 1341846331.014111 1341846330.017700 1341846331.018000 0.032568 0.012650
1341846330.048192 1341846331.082139 1341846330.047800 1341846331.077800 0.040601 0.013869
1341846330.080418 1341846331.082139 1341846330.077900 1341846331.077800 0.024569 0.005089
1341846330.115886 1341846331.114334 1341846330.117800 1341846331.117800 0.012429 0.005462
1341846330.147839 1341846331.149989 1341846330.147800 1341846331.147800 0.028933 0.013648
1341846330.181257 1341846331.181954 1341846330.177700 1341846331.177800 0.043247 0.016815
1341846330.215852 1341846331.218151 1341846330.217800 1341846331.217800 0.035668 0.014728
1341846330.247833 1341846331.249914 1341846330.247900 1341846331.247800 0.030681 0.009950
1341846330.283913 1341846331.249914 1341846330.287800 1341846331.247800 0.025967 0.012674
1341846330.316011 1341846331.318141 1341846330.317800 1341846331.317800 0.020981 0.010472
1341846330.347868 1341846331.349926 1341846330.347800 1341846331.347700 0.039440 0.011511
1341846330.383835 1341846331.382003 1341846330.377800 1341846331.377800 0.044089 0.005803
1341846330.415934 1341846331.418008 1341846330.417700 1341846331.419000 0.041072 0.011899
1341846330.452561 1341846331.450327 1341846330.447800 1341846331.447900 0.029643 0.005972
1341846330.483903 1341846331.486219 1341846330.487800 1341846331.487700 0.019612 0.006205
1341846330.515970 1341846331.518344 1341846330.521700 1341846331.517900 0.034624 0.009464
1341846330.552099 1341846331.550202 1341846330.548000 1341846331.547700 0.034036 0.011857
1341846330.583876 1341846331.586139 1341846330.577700 1341846331.587800 0.015765 0.003119
1341846330.619992 1341846331.617931 1341846330.617800 1341846331.617800 0.008800 0.005538
1341846330.652136 1341846331.654027 1341846330.647800 1341846331.657700 0.015578 0.009995
1341846330.683796 1341846331.686123 1341846330.677700 1341846331.687900 0.025144 0.009193
1341846330.719991 1341846331.717954 1341846330.717800 1341846331.717800 0.008510 0.005080
1341846330.752103 1341846331.754076 1341846330.747900 1341846331.757800 0.040727 0.017428
1341846330.787952 1341846331.785920 1341846330.787800 1341846331.788500 0.022949 0.008178
1341846330.819823 1341846331.818053 1341846330.817800 1341846331.817800 0.029025 0.008868
1341846330.852208 1341846331.853849 1341846330.847800 1341846331.857700 0.043803 0.015110
1341846330.914111 1341846331.922014 1341846330.917800 1341846331.917800 0.040926 0.014833
1341846330.949903 1341846331.954037 1341846330.947800 1341846331.957800 0.060423 0.021162
1341846330.981986 1341846331.986135 1341846330.977800 1341846331.988300 0.024204 0.009901
1341846331.014111 1341846332.022364 1341846331.018000 1341846332.017700 0.016824 0.004228
1341846331.082139 1341846332.086502 1341846331.077800 1341846332.087800 0.020764 0.003455
1341846331.114334 1341846332.122051 1341846331.117800 1341846332.117800 0.015194 0.005285
1341846331.149989 1341846332.153983 1341846331.147800 1341846332.158300 0.023976 0.011372
1341846331.181954 1341846332.190165 1341846331.177800 1341846332.187800 0.030306 0.011128
1341846331.218151 1341846332.190165 1341846331.217800 1341846332.187800 0.034056 0.011935
1341846331.249914 1341846332.254145 1341846331.247800 1341846332.257700 0.026302 0.006350
1341846331.318141 1341846332.322172 1341846331.317800 1341846332.317700 0.020139 0.002260
1341846331.349926 1341846332.354003 1341846331.347700 1341846332.357700 0.018636 0.003848
1341846331.382003 1341846332.390180 1341846331.377800 1341846332.387700 0.039260 0.007080
1341846331.418008 1341846332.422055 1341846331.419000 1341846332.417700 0.032558 0.010097
1341846331.450327 1341846332.458114 1341846331.447900 1341846332.457700 0.029877 0.008115
1341846331.486219 1341846332.489993 1341846331.487700 1341846332.487700 0.035211 0.009419
1341846331.518344 1341846332.522130 1341846331.517900 1341846332.517700 0.033969 0.010643
1341846331.550202 1341846332.558114 1341846331.547700 1341846332.557800 0.023083 0.006305
1341846331.586139 1341846332.589874 1341846331.587800 1341846332.587700 0.019702 0.005947
1341846331.617931 1341846332.621889 1341846331.617800 1341846332.617700 0.021471 0.008855
1341846331.654027 1341846332.658202 1341846331.657700 1341846332.657700 0.019101 0.011406
1341846331.686123 1341846332.690001 1341846331.687900 1341846332.687700 0.007060 0.006942
1341846331.717954 1341846332.726000 1341846331.717800 1341846332.727900 0.019212 0.004190
1341846331.754076 1341846332.758386 1341846331.757800 1341846332.757700 0.011008 0.005486
1341846331.785920 1341846332.789937 1341846331.788500 1341846332.787700 0.003283 0.005636
1341846331.818053 1341846332.825925 1341846331.817800 1341846332.828100 0.025783 0.010079
1341846331.853849 1341846332.857898 1341846331.857700 1341846332.857800 0.030034 0.010482
1341846331.885987 1341846332.894069 1341846331.887700 1341846332.897700 0.012047 0.006789
1341846331.922014 1341846332.926029 1341846331.917800 1341846332.927700 0.013140 0.007432
1341846331.954037 1341846332.958015 1341846331.957800 1341846332.957800 0.014417 0.011948
1341846331.986135 1341846332.994073 1341846331.988300 1341846332.998400 0.020929 0.010130
1341846332.022364 1341846333.026545 1341846332.017700 1341846333.027900 0.021085 0.010172
1341846332.054175 1341846333.057998 1341846332.057700 1341846333.058300 0.012792 0.004968
1341846332.086502 1341846333.094024 1341846332.087800 1341846333.098600 0.008588 0.004414
1341846332.122051 1341846333.126095 1341846332.117800 1341846333.127800 0.014944 0.006119
1341846332.153983 1341846333.161973 1341846332.158300 1341846333.157800 0.008069 0.003475
1341846332.190165 1341846333.195660 1341846332.187800 1341846333.200100 0.010205 0.004511
1341846332.254145 1341846333.262056 1341846332.257700 1341846333.258900 0.026480 0.008757
1341846332.289948 1341846333.294147 1341846332.288400 1341846333.297800 0.012055 0.006376
1341846332.322172 1341846333.326100 1341846332.317700 1341846333.327800 0.019020 0.008917
1341846332.354003 1341846333.362100 1341846332.357700 1341846333.359300 0.026493 0.012447
1341846332.390180 1341846333.394119 1341846332.387700 1341846333.397800 0.015818 0.008859
1341846332.422055 1341846333.429974 1341846332.417700 1341846333.429500 0.011167 0.006863
1341846332.458114 1341846333.462115 1341846332.457700 1341846333.457700 0.014299 0.003085
1341846332.489993 1341846333.494040 1341846332.487700 1341846333.497800 0.012019 0.004168
1341846332.522130 1341846333.529953 1341846332.517700 1341846333.527800 0.022286 0.014089
1341846332.558114 1341846333.562063 1341846332.557800 1341846333.557700 0.037721 0.017470
1341846332.589874 1341846333.594090 1341846332.587700 1341846333.597800 0.064098 0.028489
1341846332.621889 1341846333.629994 1341846332.617700 1341846333.627700 0.099987 0.040321
1341846332.658202 1341846333.662127 1341846332.657700 1341846333.657700 0.004484 0.007916
1341846332.690001 1341846333.697964 1341846332.687700 1341846333.697700 0.013153 0.012087
1341846332.726000 1341846333.730092 1341846332.727900 1341846333.727900 0.028456 0.013658
1341846332.758386 1341846333.762089 1341846332.757700 1341846333.757900 0.013172 0.007437
1341846332.789937 1341846333.798006 1341846332.787700 1341846333.798800 0.017912 0.002366
1341846332.825925 1341846333.830055 1341846332.828100 1341846333.827700 0.013351 0.001454
1341846332.857898 1341846333.866045 1341846332.857800 1341846333.867800 0.017355 0.005576
1341846332.894069 1341846333.897987 1341846332.897700 1341846333.897800 0.020966 0.002268
1341846332.926029 1341846333.930099 1341846332.927700 1341846333.927800 0.020202 0.002334
1341846332.958015 1341846333.965889 1341846332.957800 1341846333.967800 0.021574 0.003929
1341846332.994073 1341846333.997985 1341846332.998400 1341846333.997800 0.023025 0.002841
1341846333.026545 1341846334.030076 1341846333.027900 1341846334.027800 0.022678 0.006678
1341846333.057998 1341846334.066000 1341846333.058300 1341846334.067800 0.012226 0.002272
1341846333.094024 1341846334.097932 1341846333.098600 1341846334.098000 0.016328 0.005744
1341846333.126095 1341846334.133884 1341846333.127800 1341846334.137800 0.010215 0.003708
1341846333.161973 1341846334.166115 1341846333.157800 1341846334.170200 0.013573 0.005842
1341846333.195660 1341846334.198072 1341846333.200100 1341846334.197800 0.014876 0.004440
1341846333.226331 1341846334.234097 1341846333.227700 1341846334.227900 0.011209 0.003378
1341846333.262056 1341846334.266045 1341846333.258900 1341846334.267700 0.012782 0.008581
1341846333.294147 1341846334.297946 1341846333.297800 1341846334.297800 0.008189 0.015881
1341846333.326100 1341846334.334036 1341846333.327800 1341846334.337700 0.007652 0.010585
1341846333.362100 1341846334.365871 1341846333.359300 1341846334.367800 0.009843 0.008659
1341846333.394119 1341846334.401845 1341846333.397800 1341846334.397700 0.005589 0.006554
1341846333.429974 1341846334.433864 1341846333.429500 1341846334.437700 0.008272 0.012425
1341846333.462115 1341846334.466105 1341846333.457700 1341846334.467700 0.009419 0.010105
1341846333.494040 1341846334.502142 1341846333.497800 1341846334.497800 0.011263 0.010064
1341846333.529953 1341846334.540153 1341846333.527800 1341846334.537800 0.029629 0.018556
1341846333.562063 1341846334.540153 1341846333.557700 1341846334.537800 0.046400 0.025191
1341846333.594090 1341846334.602351 1341846333.597800 1341846334.597700 0.061736 0.029472
1341846333.629994 1341846334.602351 1341846333.627700 1341846334.597700 0.093317 0.040285
1341846333.662127 1341846334.670161 1341846333.657700 1341846334.669000 0.004042 0.007368
1341846333.697964 1341846334.702085 1341846333.697700 1341846334.697800 0.007313 0.011426
1341846333.730092 1341846334.734751 1341846333.727900 1341846334.737700 0.032930 0.016906
1341846333.762089 1341846334.770889 1341846333.757900 1341846334.768900 0.008511 0.007128
1341846333.798006 1341846334.802194 1341846333.798800 1341846334.797700 0.010972 0.005450
1341846333.830055 1341846334.833908 1341846333.827700 1341846334.827700 0.017199 0.003401
1341846333.866045 1341846334.869874 1341846333.867800 1341846334.867800 0.013426 0.004184
1341846333.897987 1341846334.902006 1341846333.897800 1341846334.897800 0.024775 0.003622
1341846333.930099 1341846334.938010 1341846333.927800 1341846334.937900 0.018054 0.005236
1341846333.965889 1341846334.970032 1341846333.967800 1341846334.970800 0.019145 0.004148
1341846333.997985 1341846335.002203 1341846333.997800 1341846334.997700 0.028783 0.005060
1341846334.030076 1341846335.037880 1341846334.027800 1341846335.037800 0.027753 0.006565
1341846334.066000 1341846335.069990 1341846334.067800 1341846335.067700 0.026355 0.003743
1341846334.097932 1341846335.106038 1341846334.098000 1341846335.107700 0.023068 0.005062
1341846334.133884 1341846335.138045 1341846334.137800 1341846335.137700 0.028290 0.006800
1341846334.166115 1341846335.169900 1341846334.170200 1341846335.167600 0.029709 0.006256
1341846334.198072 1341846335.206091 1341846334.197800 1341846335.208100 0.022061 0.005469
1341846334.234097 1341846335.239365 1341846334.227900 1341846335.237800 0.018174 0.006007
1341846334.266045 1341846335.269948 1341846334.267700 1341846335.268100 0.015770 0.004145
1341846334.297946 1341846335.305972 1341846334.297800 1341846335.307700 0.013858 0.007227
1341846334.334036 1341846335.338012 1341846334.337700 1341846335.337700 0.014012 0.006517
1341846334.365871 1341846335.374005 1341846334.367800 1341846335.377700 0.018235 0.010130
1341846334.401845 1341846335.406025 1341846334.397700 1341846335.407900 0.023841 0.005963
1341846334.433864 1341846335.438079 1341846334.437700 1341846335.438000 0.018541 0.007253
1341846334.466105 1341846335.473998 1341846334.467700 1341846335.477800 0.014109 0.009827
1341846334.502142 1341846335.507038 1341846334.497800 1341846335.507700 0.014901 0.007692
1341846334.540153 1341846335.538040 1341846334.537800 1341846335.537700 0.015212 0.010615
1341846334.602351 1341846335.605970 1341846334.597700 1341846335.607800 0.013812 0.010624
1341846334.670161 1341846335.673993 1341846334.669000 1341846335.678800 0.010551 0.009063
1341846334.702085 1341846335.706178 1341846334.697800 1341846335.707700 0.011338 0.011750
1341846334.734751 1341846335.741982 1341846334.737700 1341846335.739800 0.014966 0.004788
1341846334.770889 1341846335.773960 1341846334.768900 1341846335.778800 0.011108 0.004780
1341846334.802194 1341846335.806271 1341846334.797700 1341846335.808000 0.008094 0.007406
1341846334.833908 1341846335.842031 1341846334.827700 1341846335.837700 0.008667 0.007910
1341846334.869874 1341846335.873966 1341846334.867800 1341846335.877700 0.011304 0.006927
1341846334.902006 1341846335.910005 1341846334.897800 1341846335.908000 0.010617 0.008265
1341846334.938010 1341846335.941936 1341846334.937900 1341846335.940300 0.012925 0.006935
1341846334.970032 1341846335.974198 1341846334.970800 1341846335.977800 0.012915 0.009844
1341846335.002203 1341846336.010032 1341846334.997700 1341846336.007700 0.009850 0.009203
1341846335.037880 1341846336.042129 1341846335.037800 1341846336.037700 0.014657 0.006773
1341846335.069990 1341846336.078076 1341846335.067700 1341846336.077700 0.014930 0.007794
1341846335.106038 1341846336.110739 1341846335.107700 1341846336.107700 0.015478 0.009853
1341846335.138045 1341846336.142002 1341846335.137700 1341846336.137700 0.013463 0.007631
1341846335.169900 1341846336.183953 1341846335.167600 1341846336.187700 0.009581 0.009691
1341846335.206091 1341846336.183953 1341846335.208100 1341846336.187700 0.012481 0.010523
1341846335.239365 1341846336.241891 1341846335.237800 1341846336.237900 0.011358 0.007516
1341846335.269948 1341846336.277946 1341846335.268100 1341846336.277700 0.012543 0.005466
1341846335.305972 1341846336.309977 1341846335.307700 1341846336.307700 0.012388 0.005196
1341846335.338012 1341846336.346143 1341846335.337700 1341846336.348100 0.009392 0.005746
1341846335.374005 1341846336.377975 1341846335.377700 1341846336.377800 0.004198 0.008697
1341846335.406025 1341846336.410032 1341846335.407900 1341846336.407700 0.015260 0.008363
1341846335.438079 1341846336.446041 1341846335.438000 1341846336.447700 0.011446 0.005055
1341846335.473998 1341846336.477990 1341846335.477800 1341846336.477800 0.009608 0.004130
1341846335.507038 1341846336.510056 1341846335.507700 1341846336.507700 0.007293 0.004025
1341846335.538040 1341846336.546024 1341846335.537700 1341846336.547700 0.009952 0.004511
1341846335.574119 1341846336.578003 1341846335.577900 1341846336.577800 0.007167 0.004147
1341846335.605970 1341846336.614020 1341846335.607800 1341846336.617700 0.004281 0.004881
1341846335.641978 1341846336.645982 1341846335.637700 1341846336.647700 0.008856 0.005894
1341846335.673993 1341846336.678036 1341846335.678800 1341846336.677800 0.009962 0.009094
1341846335.706178 1341846336.714024 1341846335.707700 1341846336.710500 0.009978 0.002784
1341846335.741982 1341846336.746016 1341846335.739800 1341846336.747800 0.011110 0.006149
1341846335.773960 1341846336.778014 1341846335.778800 1341846336.777700 0.018558 0.008838
1341846335.806271 1341846336.820006 1341846335.808000 1341846336.817800 0.013851 0.013205
1341846335.842031 1341846336.820006 1341846335.837700 1341846336.817800 0.013468 0.013280
1341846335.873966 1341846336.882056 1341846335.877700 1341846336.877700 0.020180 0.006561
1341846335.910005 1341846336.914273 1341846335.908000 1341846336.917700 0.014641 0.026555
1341846335.941936 1341846336.945998 1341846335.940300 1341846336.948600 0.018902 0.010554
1341846335.974198 1341846336.981980 1341846335.977800 1341846336.982100 0.023938 0.012014
1341846336.010032 1341846337.014238 1341846336.007700 1341846337.017700 0.027413 0.010250
1341846336.042129 1341846337.046017 1341846336.037700 1341846337.049200 0.016861 0.012740
1341846336.078076 1341846337.082104 1341846336.077700 1341846337.077700 0.027519 0.011564
1341846336.110739 1341846337.114317 1341846336.107700 1341846337.118400 0.020345 0.011666
1341846336.142002 1341846337.150037 1341846336.137700 1341846337.148900 0.013950 0.011056
1341846336.183953 1341846337.181873 1341846336.187700 1341846337.177800 0.018004 0.018228
1341846336.241891 1341846337.250087 1341846336.237900 1341846337.248000 0.018339 0.020261
1341846336.277946 1341846337.282028 1341846336.277700 1341846337.277800 0.020384 0.018295
1341846336.309977 1341846337.317920 1341846336.307700 1341846337.317800 0.021045 0.020115
1341846336.346143 1341846337.350018 1341846336.348100 1341846337.347800 0.025299 0.016571
1341846336.377975 1341846337.382159 1341846336.377800 1341846337.377700 0.021024 0.015572
1341846336.410032 1341846337.417941 1341846336.407700 1341846337.417800 0.016250 0.021089
1341846336.446041 1341846337.450137 1341846336.447700 1341846337.447700 0.024141 0.019146
1341846336.477990 1341846337.482096 1341846336.477800 1341846337.477700 0.016104 0.017090
1341846336.510056 1341846337.518008 1341846336.507700 1341846337.517800 0.013870 0.022685
1341846336.546024 1341846337.549978 1341846336.547700 1341846337.547700 0.024189 0.016937
1341846336.578003 1341846337.585971 1341846336.577800 1341846337.587700 0.012459 0.016474
1341846336.614020 1341846337.617903 1341846336.617700 1341846337.617900 0.017054 0.024365
1341846336.645982 1341846337.650141 1341846336.647700 1341846337.647700 0.017065 0.021253
1341846336.678036 1341846337.686352 1341846336.677800 1341846337.689400 0.022387 0.018640
1341846336.714024 1341846337.718002 1341846336.710500 1341846337.717800 0.018821 0.020880
1341846336.746016 1341846337.749920 1341846336.747800 1341846337.747700 0.024176 0.013333
1341846336.778014 1341846337.786157 1341846336.777700 1341846337.787700 0.018852 0.017048
1341846336.820006 1341846337.817945 1341846336.817800 1341846337.817700 0.012706 0.019079
1341846336.882056 1341846337.885951 1341846336.877700 1341846337.885200 0.020110 0.016488
1341846336.914273 1341846337.918223 1341846336.917700 1341846337.917700 0.027668 0.021089
1341846336.945998 1341846337.954120 1341846336.948600 1341846337.957700 0.022310 0.009839
1341846336.981980 1341846337.985994 1341846336.982100 1341846337.987800 0.014059 0.007034
1341846337.014238 1341846338.018107 1341846337.017700 1341846338.017800 0.019547 0.005872
1341846337.046017 1341846338.054055 1341846337.049200 1341846338.057700 0.011271 0.006488
1341846337.082104 1341846338.085986 1341846337.077700 1341846338.087700 0.023729 0.010668
1341846337.114317 1341846338.121875 1341846337.118400 1341846338.117900 0.021183 0.004294
1341846337.150037 1341846338.154089 1341846337.148900 1341846338.157700 0.015474 0.005961
1341846337.181873 1341846338.186029 1341846337.177800 1341846338.187700 0.014429 0.009513
1341846337.214073 1341846338.222071 1341846337.217900 1341846338.217800 0.021358 0.011630
1341846337.250087 1341846338.254107 1341846337.248000 1341846338.257800 0.024449 0.017528
1341846337.282028 1341846338.290130 1341846337.277800 1341846338.287700 0.018795 0.014421
1341846337.317920 1341846338.321952 1341846337.317800 1341846338.317700 0.013605 0.020448
1341846337.350018 1341846338.354022 1341846337.347800 1341846338.357700 0.021006 0.015514
1341846337.382159 1341846338.389969 1341846337.377700 1341846338.388300 0.016180 0.019759
1341846337.417941 1341846338.422377 1341846337.417800 1341846338.417600 0.023144 0.024678
1341846337.450137 1341846338.454010 1341846337.447700 1341846338.457700 0.023558 0.020599
1341846337.482096 1341846338.489894 1341846337.477700 1341846338.487700 0.014780 0.019833
1341846337.518008 1341846338.522066 1341846337.517800 1341846338.517800 0.012189 0.023206
1341846337.549978 1341846338.558058 1341846337.547700 1341846338.557700 0.011057 0.021407
1341846337.585971 1341846338.589842 1341846337.587700 1341846338.587700 0.010539 0.018311
1341846337.617903 1341846338.622019 1341846337.617900 1341846338.617700 0.020632 0.020181
1341846337.650141 1341846338.657984 1341846337.647700 1341846338.657800 0.019625 0.022721
1341846337.686352 1341846338.690198 1341846337.689400 1341846338.687800 0.015529 0.013254
1341846337.718002 1341846338.722454 1341846337.717800 1341846338.717700 0.012273 0.017702
1341846337.749920 1341846338.757945 1341846337.747700 1341846338.757600 0.013093 0.007513
1341846337.786157 1341846338.790039 1341846337.787700 1341846338.787900 0.017274 0.016757
1341846337.817945 1341846338.826048 1341846337.817700 1341846338.827700 0.008935 0.018547
1341846337.854071 1341846338.858027 1341846337.857800 1341846338.857700 0.013347 0.013861
1341846337.885951 1341846338.889902 1341846337.885200 1341846338.887700 0.017190 0.021847
1341846337.918223 1341846338.925948 1341846337.917700 1341846338.927700 0.020089 0.008622
1341846337.954120 1341846338.958108 1341846337.957700 1341846338.957900 0.010980 0.009221
1341846337.985994 1341846338.990057 1341846337.987800 1341846338.987600 0.021528 0.013561
1341846338.018107 1341846339.025928 1341846338.017800 1341846339.027600 0.012649 0.010528
1341846338.054055 1341846339.057939 1341846338.057700 1341846339.057800 0.015815 0.011094
1341846338.085986 1341846339.093927 1341846338.087700 1341846339.097700 0.014710 0.012030
1341846338.121875 1341846339.126562 1341846338.117900 1341846339.127700 0.012427 0.006296
1341846338.154089 1341846339.157969 1341846338.157700 1341846339.157700 0.007510 0.004781
1341846338.186029 1341846339.194113 1341846338.187700 1341846339.197700 0.011121 0.007012
1341846338.222071 1341846339.228165 1341846338.217800 1341846339.227700 0.016452 0.007595
1341846338.254107 1341846339.257998 1341846338.257800 1341846339.257600 0.004615 0.003973
1341846338.290130 1341846339.294132 1341846338.287700 1341846339.297900 0.008135 0.003793
1341846338.321952 1341846339.326577 1341846338.317700 1341846339.327700 0.014082 0.004860
1341846338.354022 1341846339.362269 1341846338.357700 1341846339.357900 0.009339 0.002910
1341846338.389969 1341846339.394725 1341846338.388300 1341846339.397600 0.004920 0.004210
1341846338.422377 1341846339.394725 1341846338.417600 1341846339.397600 0.010231 0.005031
1341846338.454010 1341846339.462186 1341846338.457700 1341846339.457700 0.002912 0.003142
1341846338.489894 1341846339.496743 1341846338.487700 1341846339.497700 0.014172 0.008461
1341846338.522066 1341846339.496743 1341846338.517800 1341846339.497700 0.015573 0.011535
1341846338.558058 1341846339.562052 1341846338.557700 1341846339.557800 0.011217 0.009899
1341846338.589842 1341846339.595122 1341846338.587700 1341846339.597900 0.012610 0.011846
1341846338.622019 1341846339.632085 1341846338.617700 1341846339.627700 0.016767 0.010192
1341846338.657984 1341846339.664568 1341846338.657800 1341846339.667800 0.014727 0.010070
1341846338.690198 1341846339.698896 1341846338.687800 1341846339.698200 0.003258 0.004342
1341846338.722454 1341846339.731977 1341846338.717700 1341846339.727700 0.007002 0.008943
1341846338.757945 1341846339.762241 1341846338.757600 1341846339.757700 0.015119 0.002577
1341846338.790039 1341846339.797873 1341846338.787900 1341846339.797800 0.008606 0.005590
1341846338.826048 1341846339.830245 1341846338.827700 1341846339.827700 0.013696 0.003866
1341846338.858027 1341846339.862015 1341846338.857700 1341846339.857600 0.018028 0.010017
1341846338.889902 1341846339.897797 1341846338.887700 1341846339.897700 0.011416 0.011195
1341846338.925948 1341846339.929916 1341846338.927700 1341846339.927700 0.003910 0.005283
1341846338.958108 1341846339.961960 1341846338.957900 1341846339.957700 0.003423 0.004944
1341846338.990057 1341846339.997845 1341846338.987600 1341846339.997800 0.007451 0.007636
1341846339.025928 1341846340.029925 1341846339.027600 1341846340.027800 0.009967 0.007308
1341846339.057939 1341846340.066044 1341846339.057800 1341846340.067700 0.012427 0.006308
1341846339.093927 1341846340.098009 1341846339.097700 1341846340.097700 0.014943 0.010591
1341846339.126562 1341846340.130102 1341846339.127700 1341846340.127700 0.019979 0.009309
1341846339.157969 1341846340.166041 1341846339.157700 1341846340.167700 0.010048 0.007590
1341846339.194113 1341846340.197867 1341846339.197700 1341846340.197600 0.020835 0.008462
1341846339.228165 1341846340.229904 1341846339.227700 1341846340.227700 0.021538 0.008467
1341846339.257998 1341846340.265859 1341846339.257600 1341846340.267700 0.010690 0.006441
1341846339.294132 1341846340.298061 1341846339.297900 1341846340.297800 0.017771 0.004578
1341846339.326577 1341846340.334063 1341846339.327700 1341846340.337600 0.015246 0.002495
1341846339.362269 1341846340.366064 1341846339.357900 1341846340.370700 0.016145 0.005994
1341846339.394725 1341846340.397995 1341846339.397600 1341846340.397700 0.014522 0.005817
1341846339.462186 1341846340.465959 1341846339.457700 1341846340.467700 0.014149 0.006090
1341846339.496743 1341846340.501858 1341846339.497700 1341846340.497800 0.013977 0.002518
1341846339.562052 1341846340.566041 1341846339.557800 1341846340.570700 0.016444 0.003707
1341846339.595122 1341846340.601909 1341846339.597900 1341846340.597700 0.018307 0.004976
1341846339.632085 1341846340.634005 1341846339.627700 1341846340.637700 0.013976 0.005495
1341846339.664568 1341846340.666028 1341846339.667800 1341846340.667700 0.016391 0.002234
1341846339.698896 1341846340.701946 1341846339.698200 1341846340.697700 0.016879 0.004068
1341846339.731977 1341846340.733954 1341846339.727700 1341846340.737700 0.010645 0.003850
1341846339.762241 1341846340.770081 1341846339.757700 1341846340.767700 0.008763 0.004001
1341846339.797873 1341846340.801980 1341846339.797800 1341846340.797700 0.009040 0.004366
1341846339.830245 1341846340.833999 1341846339.827700 1341846340.837700 0.005632 0.004419
1341846339.862015 1341846340.870013 1341846339.857600 1341846340.867700 0.008014 0.004280
1341846339.897797 1341846340.901955 1341846339.897700 1341846340.902600 0.013594 0.007739
1341846339.929916 1341846340.933918 1341846339.927700 1341846340.937700 0.011193 0.002345
1341846339.961960 1341846340.970122 1341846339.957700 1341846340.967700 0.006896 0.001016
1341846339.997845 1341846341.001922 1341846339.997800 1341846340.997700 0.008625 0.005229
1341846340.029925 1341846341.037923 1341846340.027800 1341846341.038300 0.002552 0.001672
1341846340.066044 1341846341.070300 1341846340.067700 1341846341.067600 0.006061 0.006203
1341846340.098009 1341846341.102028 1341846340.097700 1341846341.097600 0.003469 0.003989
1341846340.130102 1341846341.137982 1341846340.127700 1341846341.137600 0.006632 0.006894
1341846340.166041 1341846341.170048 1341846340.167700 1341846341.170600 0.007222 0.005093
1341846340.197867 1341846341.202110 1341846340.197600 1341846341.197700 0.009226 0.004804
1341846340.229904 1341846341.237996 1341846340.227700 1341846341.237600 0.010989 0.001953
1341846340.265859 1341846341.269883 1341846340.267700 1341846341.267900 0.005581 0.005060
1341846340.298061 1341846341.306107 1341846340.297800 1341846341.307600 0.003544 0.003023
1341846340.334063 1341846341.338109 1341846340.337600 1341846341.337700 0.013809 0.007963
1341846340.366064 1341846341.370120 1341846340.370700 1341846341.367900 0.005264 0.004426
1341846340.397995 1341846341.406074 1341846340.397700 1341846341.407600 0.004438 0.004503
1341846340.433895 1341846341.438113 1341846340.437700 1341846341.437700 0.012155 0.005330
1341846340.465959 1341846341.470024 1341846340.467700 1341846341.467700 0.010734 0.004039
1341846340.501858 1341846341.506077 1341846340.497800 1341846341.507600 0.003762 0.004905
1341846340.534329 1341846341.538156 1341846340.537700 1341846341.537700 0.004356 0.004472
1341846340.566041 1341846341.574016 1341846340.570700 1341846341.577700 0.006722 0.003523
1341846340.601909 1341846341.612466 1341846340.597700 1341846341.607600 0.006948 0.003233
1341846340.634005 1341846341.643972 1341846340.637700 1341846341.647700 0.007170 0.003615
1341846340.666028 1341846341.679982 1341846340.667700 1341846341.677600 0.007428 0.004744
1341846340.701946 1341846341.712332 1341846340.697700 1341846341.707600 0.009193 0.005819
1341846340.733954 1341846341.744185 1341846340.737700 1341846341.740800 0.007743 0.002819
1341846340.770081 1341846341.780061 1341846340.767700 1341846341.777600 0.005372 0.002599
1341846340.801980 1341846341.780061 1341846340.797700 1341846341.777600 0.002787 0.005059
1341846340.833999 1341846341.842595 1341846340.837700 1341846341.837600 0.007855 0.004265
1341846340.870013 1341846341.842595 1341846340.867700 1341846341.837600 0.005442 0.008021
1341846340.901955 1341846341.906227 1341846340.902600 1341846341.907700 0.006917 0.002890
1341846340.933918 1341846341.942069 1341846340.937700 1341846341.937700 0.008407 0.003684
1341846340.970122 1341846341.974775 1341846340.967700 1341846341.977700 0.004845 0.005035
1341846341.001922 1341846342.010161 1341846340.997700 1341846342.007600 0.004813 0.002373
1341846341.037923 1341846342.042024 1341846341.038300 1341846342.038000 0.010522 0.004166
1341846341.070300 1341846342.080032 1341846341.067600 1341846342.078300 0.007413 0.006389
1341846341.102028 1341846342.112265 1341846341.097600 1341846342.109100 0.008731 0.001475
1341846341.137982 1341846342.147954 1341846341.137600 1341846342.147700 0.009060 0.012996
1341846341.170048 1341846342.179852 1341846341.170600 1341846342.177600 0.009931 0.006519
1341846341.202110 1341846342.211848 1341846341.197700 1341846342.207800 0.005035 0.007008
1341846341.237996 1341846342.247920 1341846341.237600 1341846342.247700 0.006491 0.006387
1341846341.269883 1341846342.279870 1341846341.267900 1341846342.277600 0.006959 0.001391
1341846341.306107 1341846342.316068 1341846341.307600 1341846342.317600 0.004907 0.005762
1341846341.338109 1341846342.347894 1341846341.337700 1341846342.347800 0.004761 0.007119
1341846341.370120 1341846342.379953 1341846341.367900 1341846342.377900 0.006328 0.006115